Date,Ticker,Volume,StockChange,Target,Daily_Volatility,Volume_Messages,Score_Net,Polarite_Index,Score_Net_Lag1,Score_Net_Lag2
2023-01-06,META,27584500,0.0081414518246066,-1,0.0332635564466341,1,-0.8654,0.8654,0.4792,1.0
2023-01-06,TSLA,220911100,0.097669879209648,1,0.1221359401073269,1,-0.0018,0.0018,-0.0043,0.4996
2023-01-09,TSLA,190284000,0.0068089909618995,-1,0.0538836254375149,1,0.792,0.8845,-0.0018,-0.0043
2023-01-09,META,26649100,-0.0128850441767293,1,0.027981077054556,1,0.9956,0.9956,-0.8654,0.4792
2023-01-10,META,28684400,0.044943890948152,-1,0.0494224961219091,1,0.0004,0.0004,0.9956,-0.8654
2023-01-11,META,25423000,0.014737267691182,1,0.0268021501655384,1,-0.008,0.0081,0.0004,0.9956
2023-01-12,JPM,11001700,-0.0036428179059708,1,0.0117142813546317,1,-0.0,0.0,-0.9991,0.0033
2023-01-12,TSLA,169400900,0.0081592690920372,-1,0.0581755662161238,1,-0.2419,0.2421,0.792,-0.0018
2023-01-12,AAPL,71379600,-0.0035106155031479,1,0.0210635790452659,1,-0.0,0.0,-0.0,-0.7619
2023-01-13,JPM,20200000,0.0546459297182007,-1,0.0640855608426183,3,0.6665,0.6669,-0.0,-0.9991
2023-01-17,JPM,14292900,-0.0026209189061878,-1,0.0163632329004443,1,-0.9488,0.9616,0.6665,-0.0
2023-01-17,AMZN,72755000,-0.0266517758946543,-1,0.0320226593326135,1,-0.002,0.0021,0.5,-0.0174
2023-01-18,AMZN,79570400,-0.0184061790799726,-1,0.0405141639219153,3,-0.0011,0.0012,-0.002,0.5
2023-01-19,JPM,13303400,-0.0042122915560671,1,0.017070628388743,1,-0.0002,0.0002,-0.9488,0.6665
2023-01-20,AMZN,67481500,0.0361176152525462,1,0.0442148039515482,1,-0.0,0.0,-0.0011,-0.002
2023-01-20,META,28688600,0.0256089170885975,1,0.0392229145264145,1,-0.0,0.0,-0.008,0.0004
2023-01-23,JPM,10487100,0.0159118504512138,1,0.0232385990461674,2,0.5207,0.5226,-0.0002,-0.9488
2023-01-23,TSLA,203119200,0.0579966524324669,1,0.0817693457688669,1,0.0014,0.0016,-0.2419,0.792
2023-01-23,AAPL,81760300,0.0216478829920836,1,0.0392413381070264,1,-0.0001,0.0001,-0.0,-0.0
2023-01-24,AMZN,66929500,-0.0062932075562883,1,0.0215619140752135,1,-0.0004,0.0005,-0.0,-0.0011
2023-01-24,JPM,6945000,0.0148805073049692,1,0.0387772566862342,2,0.4797,0.4797,0.5207,-0.0002
2023-01-24,AAPL,66435100,0.0158221171643599,-1,0.0203834413806273,1,0.0,0.0,-0.0001,-0.0
2023-01-25,AMZN,94261600,0.0499136005665666,1,0.0617977676272317,1,1.0,1.0,-0.0004,-0.0
2023-01-25,TSLA,192734300,0.0177576558991008,1,0.0587696154088497,2,0.6295,0.6297,0.0014,-0.2419
2023-01-26,JPM,7487600,0.0040166229088252,1,0.0121933508145808,2,-0.4986,0.4986,0.4797,0.5207
2023-01-27,AMZN,87775600,0.0272279626013253,-1,0.0397869901842735,1,-0.0007,0.0018,1.0,-0.0004
2023-01-30,META,28040100,-0.0157285726920277,1,0.0279097655226336,2,-0.4939,0.4945,-0.0,-0.008
2023-01-30,AAPL,64015300,-0.0135210169915072,1,0.0186258058994964,1,0.0006,0.0006,0.0,-0.0001
2023-01-30,AMZN,70691900,-0.0053417084350057,1,0.027005597254293,2,-0.4939,0.4945,-0.0007,1.0
2023-01-31,AAPL,65874500,0.0111422310574213,1,0.0144358626674737,1,0.9999,0.9999,0.0006,0.0
2023-01-31,JPM,9188700,0.0005719318577499,-1,0.0130112043229018,1,0.9999,0.9999,-0.4986,0.4797
2023-01-31,TSLA,196813500,0.0525611807225787,1,0.0700006304901319,1,0.9864,0.9886,0.6295,0.0014
2023-01-31,AMZN,66527300,0.0194740363779413,1,0.0218465698345999,2,-0.4998,0.5,-0.4939,-0.0007
2023-02-01,TSLA,213806300,0.0432457547809307,1,0.0798206045864115,1,-0.9992,0.9999,0.9864,0.6295
2023-02-01,META,55661000,0.0343848975198566,1,0.0440451552133145,4,0.1203,0.3916,-0.4939,-0.0
2023-02-01,GOOGL,35531100,0.0174247921857562,1,0.0365717824317093,1,0.0106,0.0159,-0.0,0.0001
2023-02-01,MSFT,31259900,0.0191532258064515,1,0.0391531913511214,1,-0.0274,0.0283,-0.0,-0.9999
2023-02-01,AMZN,80450100,0.025553523629916,1,0.0487662153470113,1,-0.9987,1.0,-0.4998,-0.4939
2023-02-02,TSLA,217448300,0.0050178958640805,1,0.0754817661423005,1,0.9998,0.9998,-0.9992,0.9864
2023-02-02,AAPL,118339000,0.0128946508155612,1,0.0202148732721137,2,-0.0,1.0,0.9999,0.0006
2023-02-02,GOOGL,69883800,0.018336434367234,-1,0.0211720018823981,2,0.0,1.0,0.0106,-0.0
2023-02-02,META,150475700,0.029392514157107,-1,0.0927036729596757,4,0.9987,0.9991,0.1203,-0.4939
2023-02-02,MSFT,39940400,0.0223321173623814,-1,0.0287458551536408,1,-0.0,0.0001,-0.0274,-0.0
2023-02-02,AMZN,158154200,0.0241270173433956,-1,0.0464399342093609,7,0.0072,0.8489,-0.9987,-0.4998
2023-02-03,META,76809700,0.0166784626273194,-1,0.0756527213738648,1,-0.2445,0.368,0.9987,0.1203
2023-02-06,AMZN,81945200,-0.0072865053704103,-1,0.0320605791565062,1,-0.0251,0.0303,0.0072,-0.9987
2023-02-06,AAPL,69858300,-0.005505745273346,1,0.0152061821645497,1,-0.0,0.0,-0.0,0.9999
2023-02-06,JPM,8406200,0.0120516472430751,1,0.0157598715053883,1,-0.0001,0.0002,0.9999,-0.4986
2023-02-07,UNH,3394600,0.01239808982666,1,0.0192127794429284,1,-1.0,1.0,-0.0006,0.9864
2023-02-07,MSFT,50841400,0.0269834522405699,-1,0.0333550933947066,1,0.0,0.0,-0.0,-0.0274
2023-02-08,MSFT,54686000,-0.0236822874509982,-1,0.038616463540097,2,0.4998,0.4999,0.0,-0.0
2023-02-08,GOOGL,94743500,-0.0262616386578307,-1,0.0499754857580402,5,-0.5023,0.5027,0.0,0.0106
2023-02-08,AAPL,64120100,-0.0127372410428492,-1,0.0221601478678548,1,1.0,1.0,-0.0,-0.0
2023-02-08,TSLA,180673600,0.0264660225450352,1,0.0443141365167478,1,1.0,1.0,0.9998,-0.9992
2023-02-09,AAPL,56007100,-0.0189231609130505,1,0.0254259571670368,1,-1.0,1.0,1.0,-0.0
2023-02-09,TSLA,215431400,-0.0022138389536074,-1,0.0444219644901584,1,0.9918,0.9918,1.0,0.9998
2023-02-10,AAPL,57450700,0.0103705855970963,1,0.014184363856253,1,0.0026,0.0032,-1.0,1.0
2023-02-10,TSLA,204754100,-0.0264055602566748,-1,0.0658161392463563,1,0.564,0.5645,0.9918,1.0
2023-02-10,META,33433600,-0.0124752601694828,1,0.0314147609548756,1,0.0087,0.0088,-0.2445,0.9987
2023-02-10,GOOGL,54980700,-0.0092194581619017,1,0.0261917242528108,1,-0.9939,0.9939,-0.5023,0.0
2023-02-10,MSFT,25818500,0.0060031634288488,1,0.013115102251332,1,1.0,1.0,0.4998,0.0
2023-02-10,UNH,3418100,0.010467554772916,1,0.014127131014514,1,1.0,1.0,-1.0,-0.0006
2023-02-14,TSLA,216455700,0.0901844187684534,1,0.1061790383640009,1,-0.0002,0.0004,0.564,0.9918
2023-02-14,AMZN,56202900,0.0131083552294338,1,0.0345493486368806,1,-0.0008,0.0008,-0.0251,0.0072
2023-02-15,MSFT,28922400,0.0037268931600454,-1,0.0169574321196592,2,-0.0001,0.0001,1.0,0.4998
2023-02-15,JPM,6728300,0.0154650267069213,-1,0.0182896428693418,1,-0.9945,0.9946,-0.0001,0.9999
2023-02-15,AMZN,47957600,0.0208901745960324,-1,0.027449806450977,1,-0.9951,0.996,-0.0008,-0.0251
2023-02-15,TSLA,181006400,0.0117114235486442,-1,0.0403759127009315,4,0.2498,0.2501,-0.0002,0.564
2023-02-15,GOOGL,50169000,0.0259287187324207,-1,0.0314319111847702,2,-0.0029,0.0029,-0.9939,-0.5023
2023-02-16,MSFT,29603600,-0.0070827785584471,-1,0.0183319314419029,1,0.5694,0.5759,-0.0001,1.0
2023-02-16,JPM,8165300,-0.0076271521234283,1,0.0119656194111523,1,0.9922,0.993,-0.9945,-0.0001
2023-02-16,GOOGL,42462600,0.0014679604237869,-1,0.0308273288952129,1,0.5694,0.5759,-0.0029,-0.9939
2023-02-16,AMZN,56339200,-0.0106843823039572,-1,0.0255014494773121,1,0.5694,0.5759,-0.9951,-0.0008
2023-02-17,BRK-B,2720500,0.0035487428277728,-1,0.009539289383052,1,-0.0002,0.0002,-0.0007,-0.0
2023-02-17,META,24171300,0.0156268572613889,-1,0.0204441058781746,1,-0.5372,0.5388,0.0087,-0.2445
2023-02-17,TSLA,213738500,0.0416020392864786,-1,0.0547027458418675,1,-0.0,0.0,0.2498,-0.0002
2023-02-21,AMZN,56580400,-0.007971413216154,1,0.0140550033433618,1,-0.0002,0.0002,0.5694,-0.9951
2023-02-22,GOOGL,30884000,-0.000545206368889,-1,0.0163576886577938,1,-0.0031,0.0031,0.5694,-0.0029
2023-02-23,JPM,8068000,0.0067757692666003,1,0.0160743587992222,1,0.325,0.3265,0.9922,-0.9945
2023-02-23,TSLA,146360000,-0.0090235707167148,-1,0.0432053229384097,1,1.0,1.0,-0.0,0.2498
2023-02-24,JPM,9126900,0.0130831144953229,1,0.0174682476019592,1,0.0013,0.0013,0.325,0.9922
2023-02-24,TSLA,142228100,0.0028014213142579,1,0.0248051498587475,2,-0.0012,0.0012,1.0,-0.0
2023-02-27,META,19277000,-0.0136142164894345,1,0.0236211161464758,2,-0.0247,0.9688,-0.5372,0.0087
2023-02-27,AMZN,47470300,-0.0055154502524303,1,0.0173949873873838,3,-0.3311,0.3312,-0.0002,0.5694
2023-02-27,MSFT,21190000,-0.0091103659613087,-1,0.013586341770393,2,-0.4967,0.4968,0.5694,-0.0001
2023-02-28,AAPL,50547000,0.0024481509886459,-1,0.0153009177375403,2,0.0,1.0,0.0026,-1.0
2023-02-28,TSLA,153144900,-0.0231729413024611,-1,0.0355192357548523,1,-0.0,0.0,-0.0012,1.0
2023-02-28,BRK-B,4736800,0.000951090601239,-1,0.0089868152538036,2,0.0203,0.0221,-0.0002,-0.0007
2023-03-01,TSLA,156852800,-0.0166820344765301,-1,0.0420929750893488,1,-0.9963,0.9963,-0.0,-0.0012
2023-03-01,META,30998400,-0.0067014043959366,1,0.0274930016177342,1,-0.8642,0.8907,-0.0247,-0.5372
2023-03-02,TSLA,181500700,0.0222768998658543,1,0.0414480307672871,1,-1.0,1.0,-0.9963,-0.0
2023-03-02,GOOGL,32204400,0.0260985527806699,1,0.0300022566532978,1,-0.1581,0.1581,-0.0031,0.5694
2023-03-02,AMZN,55509400,0.0078765295095053,1,0.0201291313157212,2,-0.0934,0.0934,-0.3311,-0.0002
2023-03-06,JPM,9261300,-0.0043223306374438,-1,0.0096206748503586,2,-0.2919,0.3325,0.0013,0.325
2023-03-06,TSLA,128100100,-0.0238238938626449,-1,0.0317316574231888,2,0.4999,0.4999,-1.0,-0.9963
2023-03-06,GOOGL,32639300,0.0118060056369233,-1,0.0209530024573597,1,0.9907,0.9907,-0.1581,-0.0031
2023-03-06,BRK-B,4889800,0.013266395368961,-1,0.0155361414083195,1,-0.0001,0.0001,0.0203,-0.0002
2023-03-07,META,36701500,-0.0237566428209737,1,0.0335979158916166,1,-0.61,0.6328,-0.8642,-0.0247
2023-03-08,AMZN,44899100,0.0034188002141121,-1,0.0212606612843027,1,-0.0007,0.0008,-0.0934,-0.3311
2023-03-08,AAPL,47204800,0.0003926284899699,-1,0.0107322780960035,1,1.0,1.0,0.0,0.0026
2023-03-09,AMZN,56218700,-0.0152647342070597,-1,0.0430187741905271,2,0.4999,0.5,-0.0007,-0.0934
2023-03-09,AAPL,53833600,-0.0193409824688873,-1,0.0280671895488222,1,-0.0,0.0,1.0,0.0
2023-03-14,META,41642600,0.0343320310189914,1,0.0413690675438534,2,-0.0105,0.0133,-0.61,-0.8642
2023-03-16,BRK-B,6325700,0.0190303159609912,-1,0.0306036625625086,1,0.9965,0.9965,-0.0001,0.0203
2023-03-16,TSLA,121136800,0.0208460934047378,-1,0.0386427976347986,1,-0.0,0.0,0.4999,-1.0
2023-03-17,AAPL,98944600,-0.0069195400972874,1,0.0157611909598128,1,-0.9968,0.9981,-0.0,1.0
2023-03-17,MSFT,69527400,0.0042046390753084,-1,0.0251921907641392,1,-0.0,0.0,-0.4967,0.5694
2023-03-17,GOOGL,61028500,0.0135647374962512,-1,0.0273289228544648,2,-0.0007,0.0007,0.9907,-0.1581
2023-03-20,AMZN,62388900,-0.0071131445136429,1,0.0282492257416892,3,-0.004,0.0248,0.4999,-0.0007
2023-03-20,META,25186300,-0.0033756458251089,1,0.0288190313574734,2,-0.4999,0.5,-0.0105,-0.61
2023-03-20,JPM,22875500,0.001181207405325,1,0.027246233110299,2,0.0173,0.0176,-0.2919,0.0013
2023-03-21,JPM,17807800,-0.0003062507638741,-1,0.0117925823517768,2,-0.0023,0.0024,0.0173,-0.2919
2023-03-21,MSFT,34558700,-0.004001768349737,-1,0.019936011674128,1,-0.9725,0.9726,-0.0,-0.4967
2023-03-21,AAPL,73938300,0.0124586280436587,-1,0.0181795097711725,1,-0.9725,0.9726,-0.9968,-0.0
2023-03-21,BRK-B,4724000,-0.0023312039032359,-1,0.0110979935313475,1,0.0149,0.0243,0.9965,-0.0001
2023-03-21,META,31827000,-0.0051180772724012,-1,0.0275590855689926,2,-0.9831,0.9833,-0.4999,-0.0105
2023-03-21,GOOGL,42110300,0.0362468954957561,-1,0.0383209605275846,1,-0.803,0.8047,-0.0007,0.9907
2023-03-22,TSLA,150376400,-0.0408931712517681,1,0.0487205547676057,2,0.2158,0.2253,-0.0,0.4999
2023-03-22,META,28477800,-0.0132839626736111,1,0.0380246762876157,1,0.0001,0.0002,-0.9831,-0.4999
2023-03-22,BRK-B,3086300,-0.0131370677543083,-1,0.0243645260988493,1,0.0,0.0001,0.0149,0.9965
2023-03-22,JPM,17250200,-0.0258884598393245,-1,0.027420357674624,1,0.0,0.0,-0.0023,0.0173
2023-03-22,GOOGL,43427400,-0.0086313793560885,1,0.0312649334591949,1,0.0,0.0,-0.803,-0.0007
2023-03-22,AAPL,75701800,-0.0092278794258749,1,0.0271814296804993,1,0.0,0.0,-0.9725,-0.9968
2023-03-23,META,27389700,0.0070992036452588,1,0.0282489207739041,1,0.9762,0.9763,0.0001,-0.9831
2023-03-24,AMZN,56095400,0.0006117829996986,-1,0.0193739322095579,1,-0.0,0.0,-0.004,0.4999
2023-03-24,MSFT,28172000,0.012011315853202,-1,0.0192973823833739,1,1.0,1.0,-0.9725,-0.0
2023-03-24,AAPL,59196500,0.0087498387530402,-1,0.0156741169885955,1,1.0,1.0,0.0,-0.9725
2023-03-24,TSLA,116312400,-0.0064700770877391,1,0.0271850085039984,1,1.0,1.0,0.2158,-0.0
2023-03-27,AMZN,46721300,-0.0103966769200533,-1,0.0228120976460851,1,-0.0011,0.0011,-0.0,-0.004
2023-03-27,MSFT,26840200,-0.0146880396334671,-1,0.0211764792920009,1,-0.0001,0.0001,1.0,-0.9725
2023-03-27,AAPL,52390300,-0.0103789148228724,-1,0.0181318563899349,1,-0.0001,0.0001,1.0,0.0
2023-03-27,JPM,18853900,0.013408033483408,1,0.0243710382914489,1,-0.9998,0.9998,0.0,-0.0023
2023-03-28,AMZN,38720100,-0.0088676255342947,1,0.0219141933799157,2,-0.4563,0.473,-0.0011,-0.0
2023-03-28,JPM,10820500,0.0013207843996405,1,0.0124310340351238,1,-0.0001,0.0001,-0.9998,0.0
2023-03-29,AMZN,49783300,0.0158070475225689,1,0.0188469000338293,1,-0.051,0.051,-0.4563,-0.0011
2023-03-29,META,18851100,0.0087935182078523,1,0.0156219688185786,2,0.0361,0.9843,0.9762,0.0001
2023-03-30,META,22608300,0.021929350712957,1,0.0259120311099826,1,-0.9961,0.9971,0.0361,0.9762
2023-03-31,MSFT,32766000,0.0161067797895402,-1,0.0220984343245029,1,-0.0002,0.0003,-0.0001,1.0
2023-03-31,JPM,13105200,0.0050130639991206,-1,0.0114915177563767,1,-0.0735,0.0737,-0.0001,-0.9998
2023-03-31,BRK-B,5020200,0.0093821352548267,1,0.0124877652842038,1,-0.0002,0.0003,0.0,0.0149
2023-03-31,META,25440300,0.0226790041674517,1,0.0260567156598657,2,0.4999,0.5001,-0.9961,0.0361
2023-04-03,BRK-B,4862300,0.0034276396397534,-1,0.0105416645614389,1,-0.8708,0.9211,-0.0002,0.0
2023-04-03,AAPL,56976200,0.0115662862791005,-1,0.0126011567029386,1,-0.9999,0.9999,-0.0001,1.0
2023-04-04,GOOGL,24420100,0.0037381326828689,-1,0.0147608634956333,1,-0.0112,0.012,0.0,-0.803
2023-04-04,JPM,11579900,-0.015938711349078,1,0.0243677599676725,3,-0.2726,0.2727,-0.0735,-0.0001
2023-04-04,META,21026400,0.0062327280325171,-1,0.0173392015446563,1,-0.0,0.0001,0.4999,-0.9961
2023-04-05,AAPL,51511700,-0.0059488342457825,1,0.0197280556733674,1,1.0,1.0,-0.9999,-0.0001
2023-04-05,MSFT,22064800,-0.0052825248675283,1,0.0147979023209056,1,0.9974,0.9975,-0.0002,-0.0001
2023-04-05,AMZN,45175400,-0.0270426820224715,1,0.0304109667090856,1,0.9974,0.9975,-0.051,-0.4563
2023-04-06,AAPL,45390100,0.0137290592063211,-1,0.0182232767797725,1,-0.0273,0.0314,1.0,-0.9999
2023-04-06,JPM,8760200,0.0037007970134104,1,0.009606308824434,1,0.0197,0.0202,-0.2726,-0.0735
2023-04-06,META,26104400,0.0327359909367532,-1,0.039617723034274,1,-0.0002,0.0005,-0.0,0.4999
2023-04-06,AMZN,43808000,0.013002457157258,1,0.0256078828948898,1,-0.9993,0.9998,0.9974,-0.051
2023-04-10,BRK-B,2330900,0.0038855253230432,1,0.0108218284420375,1,-0.786,0.8665,-0.8708,-0.0002
2023-04-13,JPM,12450200,0.0041257881955229,1,0.0172037314305975,1,0.952,0.9663,0.0197,-0.2726
2023-04-13,BRK-B,3323300,0.0088178351133076,1,0.0176039204059096,2,-0.0001,0.0001,-0.786,-0.8708
2023-04-13,AMZN,67925100,0.0348661413243025,1,0.0390096081798831,5,-0.2121,0.2135,-0.9993,0.9974
2023-04-14,UNH,4872000,-0.0195593706035979,-1,0.0359003644336685,2,-0.691,0.9981,1.0,-1.0
2023-04-14,JPM,43931300,0.0264891009451078,1,0.0312245757401613,3,0.9998,0.9999,0.952,0.0197
2023-04-14,BRK-B,2975400,0.0026654192570895,1,0.0117909297654561,1,0.7127,0.7133,-0.0001,-0.786
2023-04-17,GOOGL,37571200,0.0125166970452535,-1,0.0156698544014737,1,-0.0001,0.0001,-0.0112,0.0
2023-04-17,TSLA,116662200,0.0038642439545485,-1,0.0375697709576576,1,-0.1622,0.5682,1.0,0.2158
2023-04-17,AAPL,41516200,0.0008480186125991,1,0.0082379347054321,1,-0.0765,0.0816,-0.0273,1.0
2023-04-18,BRK-B,3581200,-0.0009847893897442,-1,0.009909220186924,1,-0.0,0.0,0.7127,-0.0001
2023-04-18,AMZN,39790500,-0.0158729576231341,1,0.0257816294743153,1,-0.0001,0.0001,-0.2121,-0.9993
2023-04-19,TSLA,125732700,0.0083193198414176,-1,0.0326633495486005,1,-0.9982,1.0,-0.1622,1.0
2023-04-20,MSFT,23244400,0.0030148478582383,-1,0.0138475449852102,1,0.0002,0.0003,0.9974,-0.0002
2023-04-20,TSLA,210970800,-0.0191369844786791,1,0.0550039085897791,2,0.0471,0.0516,-0.9982,-0.1622
2023-04-21,GOOGL,25800100,-0.0005688589921241,1,0.0115672817538911,1,-0.0,0.0,-0.0001,-0.0112
2023-04-24,GOOGL,23542800,0.0045502262456528,-1,0.0182955763035297,1,0.0001,0.0001,-0.0,-0.0001
2023-04-25,GOOGL,46664100,-0.0187092820814123,-1,0.0269300392535696,1,0.0005,0.0005,0.0001,-0.0
2023-04-25,JPM,10629300,-0.0138252711331487,-1,0.0166905567993096,1,1.0,1.0,0.9998,0.952
2023-04-26,TSLA,153364100,-0.040801007923547,1,0.0469773478987868,1,-1.0,1.0,0.0471,-0.9982
2023-04-26,MSFT,64599200,-0.0044826998150431,1,0.0230535761930397,2,0.9966,0.997,0.0002,0.9974
2023-04-26,META,41992700,-0.014588264016544,1,0.0246117446001837,2,-0.0001,0.9999,-0.0002,-0.0
2023-04-27,META,71196500,-0.0055442154088899,1,0.0205093925610208,2,0.4727,0.4736,-0.0001,-0.0002
2023-04-28,AAPL,55275900,0.0070626573910668,-1,0.0116920954150185,1,1.0,1.0,-0.0765,-0.0273
2023-04-28,META,39554000,0.0054809959729334,1,0.0195807404850905,2,0.4991,0.5009,0.4727,-0.0001
2023-04-28,MSFT,36469600,0.0106904374711397,-1,0.0184862173502778,2,1.0,1.0,0.9966,0.0002
2023-05-01,JPM,20415800,-0.0074511289155351,-1,0.0178545858583649,7,-0.1431,0.4233,1.0,0.9998
2023-05-01,MSFT,21294100,-0.0045932946428065,-1,0.011238923000006,1,0.9927,0.993,1.0,0.9966
2023-05-03,GOOGL,21795400,-0.0011370711510995,-1,0.023974214048728,1,-1.0,1.0,0.0005,0.0001
2023-05-04,AMZN,45345500,-0.0003844763088749,1,0.0199923280733482,2,0.4528,0.5489,-0.0001,-0.2121
2023-05-04,BRK-B,3185600,-0.0106356740521897,1,0.0265272894740963,1,0.9291,0.9457,-0.0,0.7127
2023-05-04,MSFT,22519900,-0.0027102488203137,1,0.01423725185533,1,0.3603,0.3604,0.9927,1.0
2023-05-04,GOOGL,23419500,-0.0075836139782313,1,0.0154516758595723,1,-0.1977,0.198,-1.0,0.0005
2023-05-04,JPM,17089200,-0.0062241520071989,1,0.0289715728185986,3,-0.2183,0.2185,-0.1431,1.0
2023-05-05,TSLA,107607300,0.037140917805407,1,0.0443983577794697,1,0.9984,0.9985,-1.0,0.0471
2023-05-05,BRK-B,3869500,0.0016081752684539,1,0.0078550490474581,1,0.0795,0.0803,0.9291,-0.0
2023-05-05,JPM,11261400,0.0021987910172213,1,0.0144385897497263,1,0.0001,0.0002,-0.2183,-0.1431
2023-05-08,BRK-B,3302400,-0.0064582801867981,-1,0.0149271728224919,3,0.333,0.3335,0.0795,0.9291
2023-05-09,TSLA,88965000,0.0011837641423779,-1,0.0192957077508779,1,0.9794,0.9802,0.9984,-1.0
2023-05-09,AAPL,45326900,-0.0073966989698002,1,0.011210558499886,1,-0.0057,0.0093,1.0,-0.0765
2023-05-09,BRK-B,2283400,0.0,-1,0.010465706121176,1,-0.0057,0.0093,0.333,0.0795
2023-05-10,GOOGL,63153400,0.0350097132218246,1,0.0464017975325337,1,0.0028,0.0103,-0.1977,-1.0
2023-05-11,JPM,7057300,0.0077778003833912,-1,0.0141481752748842,1,-0.0,0.0,0.0001,-0.2183
2023-05-11,AAPL,49514700,-0.0005752436008318,-1,0.0139200349955947,1,0.0001,0.0001,-0.0057,1.0
2023-05-11,BRK-B,2548900,0.0051090799016744,-1,0.0098130650980823,1,-0.0001,0.0001,-0.0057,0.333
2023-05-11,META,20449000,0.0117570916047852,-1,0.0253593803249028,1,0.0006,0.0007,0.4991,0.4727
2023-05-12,MSFT,19774700,-0.0050877045061065,1,0.0130413394048133,1,-0.0,0.0,0.3603,0.9927
2023-05-15,GOOGL,36266800,0.003445022166706,1,0.0212729412429519,1,-0.0,0.0,0.0028,-0.1977
2023-05-15,UNH,2169700,-0.0092389267425961,-1,0.0164631592152498,1,-0.0,0.0,-0.691,1.0
2023-05-16,BRK-B,2139500,0.0040005227907524,1,0.0072257556025158,2,-0.0229,0.0229,-0.0001,-0.0057
2023-05-16,TSLA,98288800,0.0052521002597817,1,0.0312103734345808,2,-0.0229,0.023,0.9794,0.9984
2023-05-17,TSLA,125473600,0.0323614798986456,1,0.0434059580763397,1,-0.0666,0.1116,-0.0229,0.9794
2023-05-17,JPM,12711500,0.0187638202081168,1,0.0230315655967395,1,-0.0001,0.0001,-0.0,0.0001
2023-05-18,AMZN,73174100,0.0125117752500328,-1,0.0193675729620906,1,0.0004,0.0006,0.4528,-0.0001
2023-05-18,GOOGL,35234200,0.0155436538259443,-1,0.020504305829791,1,0.0004,0.0006,-0.0,0.0028
2023-05-18,META,22943300,0.0230004267781436,-1,0.0244508654035069,1,-0.0,0.0,0.0006,0.4991
2023-05-19,MSFT,27546700,0.0050514811922916,1,0.0075140650255478,1,0.0795,0.0936,-0.0,0.3603
2023-05-19,TSLA,136196700,0.0167635674854554,1,0.03183382879685,1,-0.0,0.0,-0.0666,-0.0229
2023-05-19,UNH,2317900,-0.0015846767365725,1,0.0145752333918999,1,0.004,0.0041,-0.0,-0.691
2023-05-19,AMZN,55056300,-0.0161645531729266,-1,0.0220886977781003,2,0.0397,0.0468,0.0004,0.4528
2023-05-22,MSFT,24115700,0.0080978861357188,-1,0.0143753499200422,1,-0.0246,0.0246,0.0795,-0.0
2023-05-22,AMZN,70741100,-0.015072317867883,-1,0.0215808573735712,1,-0.0246,0.0246,0.0397,0.0004
2023-05-22,META,27738500,0.0118577222553486,-1,0.0344322239555709,1,-0.0246,0.0246,-0.0,0.0006
2023-05-22,JPM,11402500,-0.0210638384447029,-1,0.0282269200534685,1,0.9999,0.9999,-0.0001,-0.0
2023-05-23,META,17748100,-0.0002835868324705,1,0.0200964578539396,1,-0.999,0.999,-0.0246,-0.0
2023-05-24,JPM,8578000,-0.000443113451243,1,0.0093796479299094,1,-0.5947,0.5953,0.9999,-0.0001
2023-05-24,META,17724300,0.0160225373211394,1,0.0189171535092168,3,0.3409,0.3415,-0.999,-0.0246
2023-05-24,AMZN,63487900,0.0121369878144645,-1,0.020112698097215,3,0.3409,0.3414,-0.0246,0.0397
2023-05-24,MSFT,23384900,-0.0027960628224002,1,0.0123598465753129,2,-0.4149,0.4149,-0.0246,0.0795
2023-05-25,META,22371400,-0.0028018605847644,1,0.0254538165098657,1,-0.0001,0.0001,0.3409,-0.999
2023-05-25,JPM,8472500,0.0063046343164962,1,0.0125352495890472,1,0.0,0.0,-0.5947,0.9999
2023-05-26,AAPL,54835000,0.012173928354477,1,0.0153473548909646,1,-0.0,0.0,0.0001,-0.0057
2023-05-26,META,25727200,0.0360179343412954,1,0.0379551303630181,1,-0.3716,0.3717,-0.0001,0.3409
2023-05-26,AMZN,96779900,0.035074109468398,1,0.0472251233514107,1,-0.0,0.0,0.3409,-0.0246
2023-05-30,MSFT,29503100,-0.0119918247158782,-1,0.0155714018722388,1,-0.0001,0.0001,-0.4149,-0.0246
2023-05-31,TSLA,150711700,0.020772819710891,1,0.0441986279157477,1,-0.2031,0.8038,-0.0,-0.0666
2023-06-01,META,25609500,0.025235019214368,-1,0.0305001336506977,3,0.156,0.1675,-0.3716,-0.0001
2023-06-01,MSFT,26773900,0.0204031357835161,1,0.027030337055717,1,0.1284,0.1284,-0.0001,-0.4149
2023-06-01,JPM,12248100,0.0077644119939978,1,0.0203633071512997,1,0.004,0.0046,0.0,-0.5947
2023-06-01,TSLA,148029900,0.0243349031229941,1,0.0514833314729646,1,1.0,1.0,-0.2031,-0.0
2023-06-02,GOOGL,26980100,0.0054843158068517,1,0.0192757434537132,1,0.0869,0.0874,0.0004,-0.0
2023-06-02,AMZN,61264400,-0.0053634180176594,1,0.0189721644358077,1,-0.0,0.0,-0.0,0.3409
2023-06-02,MSFT,25873800,0.0034405202587415,1,0.0148093110158002,1,-0.0,0.0001,0.1284,-0.0001
2023-06-02,AAPL,61996900,-0.0004419258222071,-1,0.0139203683889607,1,-0.0,0.0,-0.0,0.0001
2023-06-02,TSLA,164398400,0.0181775276477067,1,0.0356887947553039,2,0.4957,0.4967,1.0,-0.2031
2023-06-02,JPM,12922500,0.006520519332392,-1,0.0153339024583313,1,0.3723,0.8781,0.004,0.0
2023-06-02,BRK-B,3962200,0.0132857893823494,-1,0.019221306217276,1,-0.0,0.0,-0.0229,-0.0001
2023-06-05,BRK-B,3091800,-0.0069812565321024,1,0.0100335675821048,1,0.9869,0.987,-0.0,-0.0229
2023-06-05,META,20742900,0.0040326559552184,-1,0.0222345913320139,1,-0.0012,0.0021,0.156,-0.3716
2023-06-06,TSLA,146911600,0.0239196732837268,1,0.0433978204372184,1,-0.0,0.0,0.4957,1.0
2023-06-06,AAPL,64848400,-0.004222895491921,-1,0.0149469490646245,1,-0.9763,0.9763,-0.0,-0.0
2023-06-06,MSFT,20396200,-0.0049205080444804,-1,0.0095427841755616,1,1.0,1.0,-0.0,0.1284
2023-06-06,BRK-B,3181400,0.0132810448690189,1,0.0166545430464878,2,-0.0002,0.0002,0.9869,-0.0
2023-06-07,META,26163600,-0.029705182483695,1,0.042146764976242,1,0.0024,0.0024,-0.0012,0.156
2023-06-07,TSLA,185710800,-0.0150438275253563,1,0.033464933696546,1,1.0,1.0,-0.0,0.4957
2023-06-07,AMZN,95663300,-0.0455082173221071,1,0.0530667300196939,2,0.2705,0.2724,-0.0,-0.0
2023-06-07,GOOGL,52539000,-0.0352051758504219,-1,0.0545009882099807,1,-0.0504,0.0504,0.0869,0.0004
2023-06-07,AAPL,61944600,-0.0034745298627256,1,0.0218000411142437,2,0.2119,0.7876,-0.9763,-0.0
2023-06-08,MSFT,23277700,0.0040748512510661,1,0.0101562280673161,1,1.0,1.0,1.0,-0.0
2023-06-08,TSLA,164489700,0.0474533910075904,1,0.0545000497465644,1,0.0002,0.0002,1.0,-0.0
2023-06-08,AAPL,50214900,0.0150085076972402,1,0.0189993802135269,1,0.0002,0.0002,0.2119,-0.9763
2023-06-08,AMZN,62159300,0.01008046372031,-1,0.0273961064845384,2,-0.0317,0.033,0.2705,-0.0
2023-06-09,META,16949800,0.0094102450370279,1,0.023811337010061,1,-0.0001,0.0001,0.0024,-0.0012
2023-06-09,AMZN,51396000,-0.005238567990706,1,0.0210348208561867,3,0.6557,0.6558,-0.0317,0.2705
2023-06-09,JPM,7249100,0.0047024465594504,-1,0.011328794219773,1,-0.9253,0.9254,0.3723,0.004
2023-06-12,MSFT,24260300,0.0099519741459687,1,0.0211211964362287,1,1.0,1.0,1.0,1.0
2023-06-12,AAPL,54274900,0.0139018533363311,-1,0.0161085568495731,1,1.0,1.0,0.0002,0.2119
2023-06-12,AMZN,51338000,0.0205612249700087,1,0.0262054514430733,1,-0.0009,0.0009,0.6557,-0.0317
2023-06-13,TSLA,162384300,0.0205119997669439,-1,0.0328980967954133,2,0.9728,0.9731,0.0002,1.0
2023-06-13,META,16164000,-0.0129510968253637,1,0.0241196331673487,1,-0.0,0.0,-0.0001,0.0024
2023-06-13,GOOGL,22278300,-0.0092014841973926,-1,0.0158425612398078,1,-0.6179,0.6199,-0.0504,0.0869
2023-06-13,MSFT,22951300,-0.0005381429578865,1,0.0197028023853839,1,-0.0001,0.0001,1.0,1.0
2023-06-13,BRK-B,2953000,0.0095132747617834,-1,0.0132644585978161,1,-0.001,0.0015,-0.0002,0.9869
2023-06-14,TSLA,170575500,-0.0129915236513271,-1,0.0425491284655431,2,0.0,0.0001,0.9728,0.0002
2023-06-14,MSFT,26003800,0.0089729019347363,1,0.018633759210884,1,0.0001,0.0001,-0.0001,1.0
2023-06-14,AMZN,52422500,-0.0022099351700162,1,0.0223361820822791,1,0.0001,0.0001,-0.0009,0.6557
2023-06-14,AAPL,57462900,0.003163013832683,1,0.0129246615056781,1,0.0001,0.0001,1.0,0.0002
2023-06-14,UNH,14672400,0.0114815470150849,1,0.0328831860930495,1,-0.9805,0.9978,0.004,-0.0
2023-06-15,AMZN,60458500,0.0151745191260409,-1,0.0269148052968872,1,-0.0,0.0,0.0001,-0.0009
2023-06-15,META,25973500,0.0349981608759475,-1,0.0461622378631823,1,-0.0,0.0,-0.0,-0.0001
2023-06-15,JPM,9343100,0.0177822040338599,1,0.0239703763067759,2,0.0319,0.5147,-0.9253,0.3723
2023-06-15,MSFT,38899100,0.031468515975655,-1,0.0374540231106352,1,0.9998,0.9998,0.0001,-0.0001
2023-06-16,AMZN,84247100,-0.0173831433452186,1,0.020358613207736,1,-0.0,0.0001,-0.0,0.0001
2023-06-16,TSLA,167915600,0.0062567396615698,1,0.0246794929593999,1,1.0,1.0,0.0,0.9728
2023-06-20,AMZN,56930100,0.0064815359740875,-1,0.0220052810525572,1,0.9999,0.9999,-0.0,-0.0
2023-06-21,BRK-B,4507000,0.0038837758849781,-1,0.0147643378789115,1,-0.0,0.0,-0.001,-0.0002
2023-06-21,TSLA,211797100,-0.0569549418443429,1,0.0698215066119754,1,-0.9116,0.9183,1.0,0.0
2023-06-21,MSFT,25117800,-0.008353888870542,1,0.0168267198152958,2,0.4999,0.501,0.9998,0.0001
2023-06-21,META,20556200,-0.0066659053327564,1,0.0198921266628572,3,-0.0329,0.0335,-0.0,-0.0
2023-06-22,AAPL,51245300,0.0177424317479799,-1,0.018395584966597,1,0.0477,0.0502,0.0001,1.0
2023-06-22,BRK-B,3303300,-0.0055483558704143,-1,0.0094144802145056,2,0.0,0.0001,-0.0,-0.001
2023-06-22,META,17563100,0.0207826379160478,1,0.0267665242228639,1,0.3008,0.3014,-0.0329,-0.0
2023-06-22,TSLA,166875900,0.0551899383630606,-1,0.0667942724991988,1,-0.0,0.0,-0.9116,1.0
2023-06-22,AMZN,90354600,0.038624183482467,-1,0.0414173054227333,1,0.9996,0.9996,0.9999,-0.0
2023-06-22,JPM,10075200,-0.0191834430073336,-1,0.0256482975046822,1,-0.1835,0.1836,0.0319,-0.9253
2023-06-23,META,51092000,0.0256474049598245,-1,0.0380803554006062,1,-0.1131,0.1142,0.3008,-0.0329
2023-06-23,GOOGL,34913600,0.0079090386076411,-1,0.0142527879064101,1,-0.1131,0.1142,-0.6179,-0.0504
2023-06-23,AAPL,53117000,0.0060899466744186,-1,0.0137429426559831,2,-0.0565,0.0571,0.0477,0.0001
2023-06-23,MSFT,23146900,0.0019739313644706,-1,0.0134883940831165,1,-0.0,0.0,0.4999,0.9998
2023-06-23,AMZN,71927800,0.0017039828027503,-1,0.0198280345944673,1,-0.824,0.9473,0.9996,0.9999
2023-06-23,TSLA,177460800,-0.0103744932421497,-1,0.0372170497792304,2,-0.0003,0.0008,-0.0,-0.9116
2023-06-23,BRK-B,4451700,0.0004476093516931,-1,0.0097881191272901,1,-0.0,0.0,0.0,-0.0
2023-06-26,BRK-B,3220900,-0.0031327931153759,1,0.011904377105726,1,-0.9994,0.9995,-0.0,0.0
2023-06-26,UNH,2968300,0.0019240868406144,1,0.0173798412682608,1,-0.0,0.0,-0.9805,0.004
2023-06-26,AAPL,48088700,-0.0083498236006249,1,0.0150939747180904,1,-0.0,0.0,-0.0565,0.0477
2023-06-26,GOOGL,33969900,-0.020039795921913,-1,0.0308877384146262,1,-0.9984,0.9993,-0.1131,-0.6179
2023-06-26,TSLA,179990600,-0.0360699164565,1,0.0706602057480485,2,-0.4985,0.5017,-0.0003,-0.0
2023-06-26,META,24232700,-0.0354347438648255,1,0.0422237683615493,3,0.0007,0.6675,-0.1131,0.3008
2023-06-27,GOOGL,39535900,0.0106764603728289,1,0.0254527102009591,1,-0.0319,0.0421,-0.9984,-0.1131
2023-06-27,AMZN,46801000,0.0042757348370608,-1,0.0197465069557205,2,0.0008,0.001,-0.824,0.9996
2023-06-27,BRK-B,2625600,0.002840939166356,-1,0.0070576744692027,1,0.0017,0.002,-0.9994,-0.0
2023-06-27,TSLA,164968200,0.02865483088019,1,0.0392204944527554,2,0.5,0.5,-0.4985,-0.0003
2023-06-27,MSFT,24354100,0.0081661607071588,1,0.0206412535583612,1,1.0,1.0,-0.0,0.4999
2023-06-27,AAPL,50730800,0.011673560579215,1,0.0146323160451557,1,-0.0,0.0,-0.0,-0.0565
2023-06-28,MSFT,20259500,0.0035558549823233,-1,0.0124604475649998,2,0.5307,0.5309,1.0,-0.0
2023-06-28,JPM,7558600,-0.0040960571228697,1,0.0089824659895456,1,-0.0,0.0,-0.1835,0.0319
2023-06-29,AMZN,40761000,-0.0067562531468214,1,0.0155315081482308,1,-0.0,0.0,0.0008,-0.824
2023-06-29,GOOGL,24090900,-0.0011740975524704,1,0.0147601017977769,1,-0.0,0.0,-0.0319,-0.9984
2023-06-29,AAPL,46347300,0.0026972419182204,1,0.0059763320915457,1,1.0,1.0,-0.0,-0.0
2023-06-30,META,19694900,0.0077960427889095,-1,0.0162592155023631,1,-0.9991,0.9991,0.0007,-0.1131
2023-06-30,AMZN,54350700,0.0068741745675222,-1,0.0177647565464765,2,0.1601,0.8599,-0.0,0.0008
2023-06-30,AAPL,85213200,0.0122110122541697,-1,0.016803220469948,4,0.3212,0.6714,1.0,-0.0
2023-06-30,BRK-B,4520600,0.0065529288290403,1,0.0121022673070691,1,-0.0004,0.0007,0.0017,-0.9994
2023-06-30,TSLA,112620800,0.0044895736099542,1,0.0174980715725019,1,-0.0,0.0,0.5,-0.4985
2023-06-30,MSFT,26832800,0.0082605730419596,-1,0.0163730533805975,1,0.0,0.0,0.5307,1.0
2023-07-05,TSLA,131530900,0.0131267612293454,-1,0.0224158949710246,2,0.4908,0.4933,-0.0,0.5
2023-07-05,JPM,8934900,-0.0020698430157614,-1,0.0073823102484233,1,0.9683,0.9683,-0.0,-0.1835
2023-07-05,UNH,5053100,-0.0101044000817768,-1,0.0140747688679541,1,1.0,1.0,-0.0,-0.9805
2023-07-05,META,33865500,0.023361729057159,-1,0.0408830523732151,1,-0.9997,0.9997,-0.9991,0.0007
2023-07-06,META,47600500,-0.0131806557199855,-1,0.0230153003530216,2,0.4974,0.4993,-0.9997,-0.9991
2023-07-07,AMZN,41992300,0.009254238084581,-1,0.0220856708824229,1,-0.0533,0.0534,0.1601,-0.0
2023-07-10,JPM,9100100,0.0044982276573314,1,0.0103114567000973,1,-0.0,0.0,0.9683,-0.0
2023-07-10,AMZN,61889300,-0.015030680721413,1,0.0260323887788381,2,0.113,0.8429,-0.0533,0.1601
2023-07-11,UNH,3086800,0.0011246826929549,-1,0.0115707672263239,1,1.0,1.0,1.0,-0.0
2023-07-11,AMZN,49951500,0.0080626127537915,1,0.0189432939204684,1,-0.0001,0.0001,0.113,-0.0533
2023-07-13,META,30281000,-0.0006695729173761,-1,0.0189719462473361,1,0.9981,0.9981,0.4974,-0.9997
2023-07-13,AMZN,61170900,0.0019397924399321,1,0.0146224377294183,1,1.0,1.0,-0.0001,0.113
2023-07-13,JPM,11234900,0.0011432291354013,1,0.0108943856787796,1,-0.0857,0.0859,-0.0,0.9683
2023-07-13,GOOGL,44297900,0.0298519854563917,1,0.0362193407075104,1,0.0,0.0001,-0.0,-0.0319
2023-07-13,BRK-B,2831800,-0.0059606409786252,-1,0.0079860509239117,1,0.9963,0.9964,-0.0004,0.0017
2023-07-14,UNH,11379300,0.0380932355416083,1,0.0538104319647672,1,-0.0,0.0,1.0,1.0
2023-07-17,AMZN,48450200,-0.0074316291479163,-1,0.0179101400642556,1,0.0027,0.0036,1.0,-0.0001
2023-07-17,JPM,17262400,0.0201529674512333,1,0.0226138593845049,2,0.5069,0.5116,-0.0857,-0.0
2023-07-18,TSLA,112120300,0.0109943219317948,-1,0.0318800627074977,1,0.9994,0.9994,0.4908,-0.0
2023-07-18,META,20731900,0.003763455004439,1,0.0211657777486336,1,0.0027,0.0028,0.9981,0.4974
2023-07-18,BRK-B,2565300,0.0037494799903848,-1,0.0107832919247496,1,-0.0,0.0002,0.9963,-0.0004
2023-07-19,MSFT,39732900,-0.0184381850110142,-1,0.0276986565685469,1,0.0,0.0,0.0,0.5307
2023-07-19,GOOGL,37224000,-0.0206260010136195,-1,0.0271267840674972,1,0.0002,0.0003,0.0,-0.0
2023-07-19,TSLA,142355400,-0.0161464621041974,-1,0.033002362009348,1,-1.0,1.0,0.9994,0.4908
2023-07-20,TSLA,175158300,-0.0595936607798029,-1,0.0705751203357152,2,0.4537,0.5463,-1.0,0.9994
2023-07-20,MSFT,33778400,-0.0189496056459546,-1,0.035636524146579,1,0.0047,0.0048,0.0,0.0
2023-07-21,TSLA,161796100,-0.0297761603967467,1,0.0455223766725454,1,-1.0,1.0,0.4537,-1.0
2023-07-21,META,42139300,-0.0338509942235336,-1,0.0468200377749835,1,0.9968,0.9968,0.0027,0.9981
2023-07-25,AMZN,39236700,-0.0013919470975141,-1,0.0081200454070229,1,-0.0013,0.0037,0.0027,1.0
2023-07-25,MSFT,41637700,0.0111492777450523,-1,0.0196479721472467,1,-1.0,1.0,0.0047,0.0
2023-07-25,BRK-B,3014000,-0.0049811654513625,1,0.0117943290702028,1,-0.0,0.0,-0.0,0.9963
2023-07-26,META,47256900,-0.0086988117000901,1,0.0327699958072401,1,1.0,1.0,0.9968,0.0027
2023-07-26,GOOGL,61682100,-0.0061505574437594,1,0.0204504363307207,1,0.5238,0.5493,0.0002,0.0
2023-07-26,MSFT,58383700,-0.0107486334392354,-1,0.0338566892968426,2,-0.9997,0.9998,-1.0,0.0047
2023-07-27,BRK-B,2706700,-0.0039351132715654,1,0.0076135130501827,1,0.9981,0.9982,-0.0,-0.0
2023-07-27,META,64229200,-0.0412463209384456,1,0.0477054933518759,1,-0.0004,0.0004,1.0,0.9968
2023-07-27,AAPL,47460200,-0.0142842719657627,1,0.0237220375223593,1,-0.0001,0.0001,0.3212,1.0
2023-07-27,AMZN,52610700,-0.0209923664122137,1,0.0369465951701157,1,-0.1377,0.1399,-0.0013,0.0027
2023-07-27,GOOGL,44952100,-0.0172401025596452,1,0.0337967059232541,1,-0.1377,0.1399,0.5238,0.0002
2023-07-28,BRK-B,2473300,-0.0003429117814964,1,0.0076586538218355,1,-0.0,0.0,0.9981,-0.0
2023-07-28,AMZN,46317400,0.0194309833065156,1,0.0283752996106532,1,1.0,1.0,-0.1377,-0.0013
2023-07-28,JPM,9103800,-0.0023524613432041,1,0.007375404826504,1,-0.0,0.0,0.5069,-0.0857
2023-07-31,META,25799600,-0.0157249105610297,1,0.0249312838312934,1,0.0072,0.0197,-0.0004,1.0
2023-07-31,TSLA,84582200,-0.0001869983119951,-1,0.0198145191239716,1,0.0072,0.0197,-1.0,0.4537
2023-07-31,MSFT,25446000,-0.0029680635169941,1,0.0128814753724911,1,0.0072,0.0197,-0.9997,-1.0
2023-07-31,AMZN,41901500,0.0036035716106328,-1,0.0111861131269692,2,0.0037,0.0099,1.0,-0.1377
2023-08-01,GOOGL,23166800,0.00588778314458,-1,0.0149106302586993,1,-0.0002,0.0012,-0.1377,0.5238
2023-08-01,JPM,6853900,-0.001588007442234,-1,0.0117512938422452,1,0.1645,0.1666,-0.0,0.5069
2023-08-01,META,22817900,0.0162813591076189,-1,0.0298545403137351,1,0.9758,0.976,0.0072,-0.0004
2023-08-03,AMZN,88585200,0.0112174479723843,1,0.0269061231993974,2,1.0,1.0,0.0037,1.0
2023-08-07,JPM,7251800,0.0010216372738488,-1,0.0070242069083918,1,0.0552,0.057,0.1645,-0.0
2023-08-07,AMZN,71213100,0.0087239923371639,-1,0.0254627718137416,1,1.0,1.0,1.0,0.0037
2023-08-07,TSLA,111097900,0.0,-1,0.0433088070066272,1,-0.9996,0.9996,0.0072,-1.0
2023-08-08,MSFT,22327600,-0.0027832263453995,-1,0.0175862495420636,1,0.011,0.0458,0.0072,-0.9997
2023-08-08,JPM,8623400,0.0101088483965418,-1,0.0219673355932793,2,0.995,0.995,0.0552,0.1645
2023-08-08,GOOGL,23535200,0.0059715113187463,-1,0.0150819269204205,1,-0.0,0.0,-0.0002,-0.1377
2023-08-09,MSFT,22373300,-0.0129873808267873,1,0.0185621880599588,2,-0.0001,0.0001,0.011,0.0072
2023-08-11,META,14046300,-0.0030736446219691,1,0.0144099407198303,2,0.9868,0.9985,0.9758,0.0072
2023-08-11,AMZN,42905800,0.0073508719831962,1,0.0169578015615494,1,1.0,1.0,1.0,1.0
2023-08-11,JPM,5180700,0.0092792144041852,1,0.0123505156160539,1,-0.0,0.0,0.995,0.0552
2023-08-14,AMZN,47148700,0.0164136241675381,-1,0.0205350417586598,1,-1.0,1.0,1.0,1.0
2023-08-14,MSFT,18836100,0.008245414529705,-1,0.0123837418865729,1,-0.0145,0.0337,-0.0001,0.011
2023-08-14,BRK-B,1990700,0.000642040436366,-1,0.0059735230940336,1,0.0001,0.0001,-0.0,0.9981
2023-08-15,MSFT,16966300,-0.0035294571159055,-1,0.0129721437814435,1,-0.0001,0.0001,-0.0145,-0.0001
2023-08-15,BRK-B,2863700,-0.0070028011204481,-1,0.0119047619047619,1,-0.0,0.0,0.0001,-0.0
2023-08-16,BRK-B,2196100,-0.001381897189844,-1,0.0150592110715637,1,0.5867,0.7257,-0.0,0.0001
2023-08-16,UNH,1454100,-0.0087401622862327,-1,0.0150984516293983,1,0.5867,0.7257,-0.0,1.0
2023-08-16,AMZN,41675900,-0.0154529854906369,-1,0.0164735747897537,1,0.0068,0.0069,-1.0,1.0
2023-08-16,MSFT,20698900,-0.0012468638145413,-1,0.0144015767162286,1,0.0068,0.0069,-0.0001,-0.0145
2023-08-16,TSLA,112484500,-0.0106130958845771,-1,0.0376721172569861,1,-0.9999,1.0,-0.9996,0.0072
2023-08-17,UNH,3009500,-0.0030677716508162,1,0.0189916918008001,1,-0.0,0.0,0.5867,-0.0
2023-08-17,AMZN,48354100,-0.010925815096513,-1,0.0188985488831492,3,-0.5654,0.5762,0.0068,-1.0
2023-08-17,GOOGL,33446300,0.0009244615898787,-1,0.0208013262214996,1,-0.0,0.0001,-0.0,-0.0002
2023-08-18,META,35347900,0.0151238262522482,1,0.040533267419535,1,-0.0072,0.0087,0.9868,0.9758
2023-08-18,BRK-B,2870600,0.0031012499903403,-1,0.0086778040298623,1,-0.0,0.0,0.5867,-0.0
2023-08-18,GOOGL,30504800,-0.0081705351120174,1,0.022332914709053,1,-0.0072,0.0087,-0.0,-0.0
2023-08-22,JPM,9673300,-0.019295120796025,1,0.0253918894922593,1,-0.0093,0.0094,-0.0,0.995
2023-08-23,MSFT,21166400,0.0098202476803645,-1,0.0177259607872408,1,-0.0,0.0,0.0068,-0.0001
2023-08-23,META,18287000,0.0198959800151646,-1,0.033726102144714,1,1.0,1.0,-0.0072,0.9868
2023-08-23,AMZN,42801000,0.0075836748881854,-1,0.0202973660040079,1,1.0,1.0,-0.5654,0.0068
2023-08-23,JPM,7858000,0.0069695180808562,-1,0.0145540795025102,1,-0.0,0.0,-0.0093,-0.0
2023-08-23,AAPL,52722800,0.0145641428551524,-1,0.0180372011183053,2,-0.0,0.0,-0.0001,0.3212
2023-08-24,AAPL,54945800,-0.0237449124348871,1,0.0281729764115013,2,0.2828,0.284,-0.0,-0.0001
2023-08-24,AMZN,43646300,-0.0334310686410615,1,0.0362903018309429,1,0.5639,0.5655,1.0,-0.5654
2023-08-24,JPM,6534000,-0.0018305374404132,-1,0.016406767247087,1,-0.0042,0.0085,-0.0,-0.0093
2023-08-25,AMZN,44147500,0.0059635636661362,-1,0.0248357609709045,1,-0.9989,0.9989,0.5639,1.0
2023-08-28,AMZN,34108400,-0.0047839691694441,1,0.0156973453721659,1,0.8112,0.8369,-0.9989,0.5639
2023-08-28,TSLA,107673700,-0.0155000184617633,1,0.0372248277316192,1,1.0,1.0,-0.9999,-0.9996
2023-08-28,MSFT,14808500,-0.0060185206443457,1,0.0136031217403584,1,1.0,1.0,-0.0,0.0068
2023-08-29,GOOGL,43075600,0.0176194928483659,1,0.032743509159023,1,0.3357,0.336,-0.0072,-0.0
2023-08-30,AMZN,36137000,0.0010376836584727,1,0.0130437604859652,2,-0.0008,0.003,0.8112,-0.9989
2023-08-30,GOOGL,28315800,0.0081614936450392,1,0.0163970283060842,1,-0.0,0.0,0.3357,-0.0072
2023-08-30,BRK-B,3058300,0.0067757651136169,-1,0.0113765901255219,1,-0.0001,0.0001,-0.0,0.5867
2023-08-30,TSLA,121988400,0.0106215459506552,1,0.0390244435359067,2,0.4969,0.5,1.0,-0.9999
2023-08-31,AAPL,60794500,0.0001597038963039,1,0.0087308316738805,2,0.5,0.5,0.2828,-0.0
2023-08-31,MSFT,26411000,-0.0043742478372103,1,0.0125455793732328,1,1.0,1.0,1.0,-0.0
2023-08-31,GOOGL,30053800,0.0011764110622129,-1,0.0162488552542078,1,-0.0,0.0,-0.0,0.3357
2023-08-31,TSLA,108861700,0.0082037302905566,-1,0.0239471432390681,1,-0.0004,0.0004,0.4969,1.0
2023-08-31,UNH,4927700,-0.0320497181915166,-1,0.0356040281518407,1,0.9992,0.9995,-0.0,0.5867
2023-09-01,AMZN,40991500,-0.0096085725811631,-1,0.0220851977827162,1,-0.0,0.0006,-0.0008,0.8112
2023-09-01,JPM,7903500,0.0049969950347571,-1,0.0162913610957165,1,-0.0006,0.0006,-0.0042,-0.0
2023-09-05,BRK-B,2976800,-0.0093712312200489,1,0.0177805901227982,1,-0.004,0.004,-0.0001,-0.0
2023-09-05,GOOGL,19403100,0.002436516724056,-1,0.0135853241636395,1,-0.0,0.0,-0.0,-0.0
2023-09-06,AMZN,41785500,-0.0070423023935433,1,0.0208333053499335,4,-0.2493,0.2508,-0.0,-0.0008
2023-09-06,MSFT,17535800,-0.0014997900074293,-1,0.0128381988019987,1,-0.0,0.0,1.0,1.0
2023-09-06,GOOGL,18684500,-0.0114688833229921,1,0.021026323485645,2,-0.5,0.5,-0.0,-0.0
2023-09-07,META,33748700,0.0022483672071623,-1,0.0497650556116296,1,-0.0,0.0,1.0,-0.0072
2023-09-07,JPM,8373700,-0.002844679443692,1,0.0130438133568446,1,0.0,0.0,-0.0006,-0.0042
2023-09-07,AMZN,48498900,0.0294997190969622,1,0.0363703908825597,1,1.0,1.0,-0.2493,-0.0
2023-09-08,MSFT,19530100,0.0126631910150421,1,0.020297531828783,1,0.0142,0.0146,-0.0,1.0
2023-09-11,META,19489300,0.0204040802287992,-1,0.0257456941420041,1,1.0,1.0,-0.0,1.0
2023-09-12,JPM,8363200,0.0127335386705233,1,0.0226297873526708,1,-1.0,1.0,0.0,-0.0006
2023-09-13,AAPL,84267900,-0.0130303544532697,1,0.0188091747070458,1,0.9978,0.9978,0.5,0.2828
2023-09-13,MSFT,16544400,0.0143370258519287,1,0.0171440424908297,1,0.6384,0.6385,0.0142,-0.0
2023-09-14,AMZN,64033600,-0.0024813937538461,-1,0.0200579240790062,1,0.0444,0.047,1.0,-0.2493
2023-09-14,AAPL,60895800,0.0100000315699083,-1,0.0144827831750628,1,-0.0,0.0,0.9978,0.5
2023-09-15,META,28131100,-0.0362632403458444,1,0.0425211020919344,1,-0.0,0.0,1.0,-0.0
2023-09-15,AMZN,102909300,-0.0161188801766422,-1,0.0243886111625595,1,1.0,1.0,0.0444,1.0
2023-09-18,AAPL,67257600,0.0084429143769043,1,0.0181890684019676,2,0.5,0.5,-0.0,0.9978
2023-09-18,META,14234200,0.0146215007742226,1,0.0194507470507384,1,0.0186,0.2718,-0.0,1.0
2023-09-18,BRK-B,3130900,0.0029783828649407,1,0.0095848649068496,1,-0.9926,0.9931,-0.004,-0.0001
2023-09-18,AMZN,42823500,-0.0035592256207762,-1,0.0180096729516123,1,1.0,1.0,1.0,0.0444
2023-09-18,JPM,6512400,0.0064794238077061,-1,0.0093817451086086,1,0.0186,0.2718,-1.0,0.0
2023-09-19,AMZN,61482500,-0.0077144346717539,-1,0.0236481532189279,1,1.0,1.0,1.0,1.0
2023-09-19,AAPL,51826900,0.0087314275262118,-1,0.0140829198953992,1,-0.0001,0.0005,0.5,-0.0
2023-09-19,GOOGL,20353700,0.0045116804355162,-1,0.0130258227970665,1,-0.0,0.0,-0.5,-0.0
2023-09-19,MSFT,16505900,0.0076033368079664,-1,0.0149615374863197,3,-0.0,0.0002,0.6384,0.0142
2023-09-19,BRK-B,2603700,-0.0031213099138603,-1,0.0131309995976317,1,-0.0123,0.0181,-0.9926,-0.004
2023-09-20,AMZN,46263700,-0.0235294817309182,-1,0.030097423869327,1,0.9997,0.9997,1.0,1.0
2023-09-20,AAPL,58436200,-0.0210308441883172,-1,0.0239875219431283,1,0.9997,0.9997,-0.0001,0.5
2023-09-20,UNH,3724800,0.0194303570850595,1,0.0330812443358362,1,-0.0,0.0,0.9992,-0.0
2023-09-20,JPM,7332000,-0.0090209883046195,-1,0.0140995703067725,2,-1.0,1.0,0.0186,-1.0
2023-09-21,GOOGL,31503900,-0.0076080339426787,-1,0.0164332650882534,3,-0.3856,0.3859,-0.0,-0.5
2023-09-21,MSFT,35560400,0.0008456712566978,-1,0.0324187364120978,1,-0.9997,0.9999,-0.0,0.6384
2023-09-21,JPM,8052400,-0.0029814503045604,-1,0.0150426967960369,1,-0.0015,0.0015,-1.0,0.0186
2023-09-22,MSFT,21447900,-0.0134134117401687,1,0.0164945169604674,2,-0.0001,0.0001,-0.9997,-0.0
2023-09-25,TSLA,104636600,0.0148327740074201,-1,0.036116395630587,1,-0.5093,0.5121,-0.0004,0.4969
2023-09-25,AMZN,46017800,0.0147650251476307,-1,0.02326835569445,2,0.5,0.5,0.9997,1.0
2023-09-25,META,18987000,0.0175550387859364,-1,0.0245230673818677,1,-0.5093,0.5121,0.0186,-0.0
2023-09-26,TSLA,101993600,0.0046917417470315,-1,0.0324718064383199,1,-0.0,0.0,-0.5093,-0.0004
2023-09-26,GOOGL,25718700,-0.0092471057157608,1,0.0241966501215165,1,0.0279,0.0395,-0.3856,-0.0
2023-09-26,JPM,7468400,0.0022820647187899,1,0.0111341669598478,1,-0.0003,0.0003,-0.0015,-1.0
2023-09-26,AMZN,73048200,-0.0318167223763371,-1,0.0392714479104417,3,-0.0876,0.1105,0.5,0.9997
2023-09-27,MSFT,19410100,0.0015690706727723,1,0.014761400998256,1,-0.0,0.0,-0.0001,-0.9997
2023-09-27,TSLA,136597200,-0.015393411084068,1,0.0440104816251404,1,1.0,1.0,-0.0,-0.5093
2023-09-27,AMZN,66553400,0.0017493735445774,-1,0.0266380887930227,1,-0.0095,0.0114,-0.0876,0.5
2023-09-27,META,36429800,-0.0090198763939102,1,0.04829415429695,2,-0.0,0.0,-0.5093,0.0186
2023-09-28,AAPL,56294400,0.0079721632969798,1,0.0260423039888931,1,-0.9998,1.0,0.9997,-0.0001
2023-09-28,AMZN,54555000,0.0156401356585559,1,0.028539188079643,1,0.9999,1.0,-0.0095,-0.0876
2023-09-28,JPM,8868100,0.0089554113311843,-1,0.0195515493178713,1,1.0,1.0,-0.0003,-0.0015
2023-09-28,GOOGL,22513100,0.0190234233700631,-1,0.0270333476942705,2,0.9999,1.0,0.0279,-0.3856
2023-09-29,META,25373700,-0.0233262193826431,1,0.03669734243506,2,-0.335,0.4341,-0.0,-0.5093
2023-09-29,AMZN,62411700,-0.0084242919451564,1,0.0220748382919439,1,1.0,1.0,0.9999,-0.0095
2023-09-29,MSFT,24147300,-0.0062942564909519,1,0.0141305750885128,2,1.0,1.0,-0.0,-0.0001
2023-09-29,JPM,11917800,-0.0240915321938872,-1,0.0262449107422486,1,-0.0001,0.0001,1.0,-0.0003
2023-10-02,META,16265600,0.0134769677659205,-1,0.0183325228644951,1,-0.0,0.0,-0.335,-0.0
2023-10-02,UNH,3550400,0.0178822395639245,-1,0.023144051263591,1,-0.0,0.0,-0.0,0.9992
2023-10-03,BRK-B,3151700,-0.0125219664356728,1,0.0175882584240248,1,-0.0009,0.0009,-0.0123,-0.9926
2023-10-03,MSFT,21033500,-0.0231897647826392,1,0.0317302734140357,2,-0.0001,0.0001,1.0,-0.0
2023-10-03,META,17362300,-0.0109117439612789,1,0.0234338202076792,2,-0.0,0.0,-0.0,-0.335
2023-10-03,AMZN,51565000,-0.0260814961858984,1,0.0333437791181215,1,-0.0,0.0,1.0,0.9999
2023-10-03,GOOGL,22989400,-0.0112737773488212,1,0.0180677775484137,1,-0.0,0.0,0.9999,0.0279
2023-10-03,AAPL,49594600,0.0008127214333731,1,0.0163125371426982,2,-0.0,0.0,-0.9998,0.9997
2023-10-04,AMZN,44203900,0.0074567861305036,-1,0.0133269898279579,1,-0.0,0.0,-0.0,1.0
2023-10-04,GOOGL,26752300,0.01845027736203,-1,0.0228933556640168,4,0.2496,0.251,-0.0,0.9999
2023-10-04,AAPL,53020300,0.0150213769316072,1,0.0189374338799171,2,-0.0,0.0,-0.0,-0.9998
2023-10-05,GOOGL,19832600,0.0,1,0.0151033422247848,1,-0.0,0.0,0.2496,-0.0
2023-10-05,UNH,2790700,0.0090105652546019,1,0.0136429597219502,1,-0.0,0.0,-0.0,-0.0
2023-10-06,JPM,10270600,0.0153243466887327,-1,0.0261703547500202,1,-0.0,0.0,-0.0001,1.0
2023-10-06,MSFT,25673600,0.0338335883293758,1,0.0407203132064812,1,0.0018,0.0113,-0.0001,1.0
2023-10-06,META,21803900,0.046410529860231,1,0.0510880897417648,1,0.9253,0.9295,-0.0,-0.0
2023-10-06,AAPL,57266700,0.0212313140196398,1,0.0276755623298256,2,0.4635,0.4704,-0.0,-0.0
2023-10-09,MSFT,19891200,0.0156120317912816,-1,0.0219245423162047,1,0.0186,0.0197,0.0018,-0.0001
2023-10-09,JPM,6964900,0.0077265806909089,1,0.0132256289019258,1,-0.9997,0.9997,-0.0,-0.0001
2023-10-09,BRK-B,2762800,0.0035150534713657,1,0.0089182181365057,1,-0.0,0.0,-0.0009,-0.0123
2023-10-09,AAPL,42390800,0.0123296644119225,-1,0.0183813135279467,1,-0.0001,0.0001,0.4635,-0.0
2023-10-10,JPM,11288800,0.0015815962758564,1,0.0102462213720632,1,0.9844,0.9902,-0.9997,-0.0
2023-10-10,BRK-B,2858600,0.0044956701976765,-1,0.0115562241084293,1,-0.0017,0.0017,-0.0,-0.0009
2023-10-11,JPM,8698200,-0.0024571744170993,-1,0.0150842368298294,2,-0.0,0.0,0.9844,-0.9997
2023-10-11,TSLA,103706300,-0.0120586845434091,-1,0.0289256643648939,1,0.1471,0.1665,1.0,-0.0
2023-10-11,AMZN,40741800,0.0161091124510607,1,0.0188068624795519,1,0.9996,0.9996,-0.0,-0.0
2023-10-11,AAPL,47551100,0.0089787100500362,1,0.0126262628424932,2,1.0,1.0,-0.0001,0.4635
2023-10-13,MSFT,21072400,-0.0139899928641128,1,0.0224742797730472,3,0.3158,0.3162,0.0186,0.0018
2023-10-13,BRK-B,2804800,-0.0026300683875993,1,0.0131791836953576,1,0.9967,0.9975,-0.0017,-0.0
2023-10-13,AMZN,45786600,-0.0239885888396492,1,0.0327868908890981,1,0.1001,0.103,0.9996,-0.0
2023-10-13,JPM,29427000,-0.0033670033670034,-1,0.0354882442589962,1,0.5853,0.6324,-0.0,0.9844
2023-10-13,UNH,5245400,0.0115330978229021,-1,0.0233661921662563,1,1.0,1.0,-0.0,-0.0
2023-10-16,AAPL,52517000,0.0111456929035537,-1,0.0145403526122702,1,1.0,1.0,1.0,-0.0001
2023-10-16,UNH,3827600,-0.0094811359923932,-1,0.0196252334832414,1,0.0008,0.0039,1.0,-0.0
2023-10-17,GOOGL,23515800,0.0078626292974023,-1,0.0196205808620032,1,0.002,0.0025,-0.0,0.2496
2023-10-17,TSLA,93562900,0.0189924025752881,-1,0.0403838088694256,1,-0.0214,0.0228,0.1471,1.0
2023-10-18,AAPL,54764400,0.0014807751687239,-1,0.0140676682705572,1,0.0027,0.0027,1.0,1.0
2023-10-18,TSLA,125147800,-0.0396517783675051,-1,0.0496636454424979,2,0.0057,0.992,-0.0214,0.1471
2023-10-18,META,16851000,-0.0137528025958409,-1,0.0322972227191529,1,0.0027,0.0027,0.9253,-0.0
2023-10-18,AMZN,42699500,-0.0136257821157586,1,0.0243263755288009,2,-0.4524,0.4566,0.1001,0.9996
2023-10-18,MSFT,23153600,-0.0071581249141811,1,0.0219254977865142,2,0.0013,0.0014,0.3158,0.0186
2023-10-19,TSLA,170772700,-0.0258464103419677,-1,0.0612082408402188,4,-0.7499,0.75,0.0057,-0.0214
2023-10-23,META,17796800,0.0145719216983037,-1,0.0326332006007673,1,-0.0009,0.0009,0.0027,0.9253
2023-10-23,MSFT,24374700,0.0118290659325769,1,0.02562447017117,2,0.0018,0.0047,0.0013,0.3158
2023-10-23,AMZN,48260000,0.0154858408706484,1,0.0312925778900103,1,-0.0009,0.0009,-0.4524,0.1001
2023-10-23,AAPL,55980100,0.012228636669054,1,0.0238722236477211,1,-0.0009,0.0009,0.0027,1.0
2023-10-24,MSFT,31153600,-0.002324144407011,1,0.0127980392109902,2,0.4718,0.5285,0.0018,0.0013
2023-10-24,GOOGL,44814300,0.007110177135021,-1,0.0140753276908766,3,-0.1993,0.6663,0.002,-0.0
2023-10-24,JPM,8881400,-0.0001416833494937,-1,0.0097032020220839,1,-0.938,0.958,0.5853,-0.0
2023-10-25,TSLA,107065100,-0.016027453379693,-1,0.0365944458800703,1,0.2857,0.3471,-0.7499,0.0057
2023-10-25,JPM,8242600,-0.0012094573442131,1,0.0118801883896436,1,-1.0,1.0,-0.938,0.5853
2023-10-25,AMZN,74577500,-0.0368930616637757,-1,0.0440336034754785,1,0.0447,0.0449,-0.0009,-0.4524
2023-10-25,GOOGL,84366200,-0.0198970269888634,-1,0.0252808814855506,1,-0.2359,0.4293,-0.1993,0.002
2023-10-25,MSFT,55053800,-0.0126078943958378,-1,0.0248681739118128,2,-0.6179,0.7147,0.4718,0.0018
2023-10-25,META,42192500,-0.0337741974861389,-1,0.0388387372416834,2,1.0,1.0,-0.0009,0.0027
2023-10-25,AAPL,57157000,-0.0045380425712034,-1,0.01402143119412,1,-1.0,1.0,-0.0009,0.0027
2023-10-26,TSLA,115112600,-0.0263108679948715,1,0.0469430145046583,1,-1.0,1.0,0.2857,-0.7499
2023-10-26,JPM,9109400,0.0071551233493436,-1,0.0160275156067962,1,1.0,1.0,-1.0,-0.938
2023-10-26,AMZN,100419500,-0.0087871804918217,1,0.0272734891025136,3,-0.0983,0.6749,0.0447,-0.0009
2023-10-27,AAPL,58499100,0.0078485263306666,1,0.0127613973763038,2,-0.0035,0.0036,-1.0,-0.0009
2023-10-27,MSFT,29856500,-0.0018763282115127,1,0.0251793345296664,1,-0.0,0.0,-0.6179,0.4718
2023-10-27,AMZN,125309300,0.0122028601645603,1,0.0356577475294242,2,0.0631,0.0744,-0.0983,0.0447
2023-10-27,JPM,17434700,-0.0234616378440818,1,0.0281396455414521,2,-0.5024,0.5026,1.0,-1.0
2023-10-27,GOOGL,44566500,-0.0057779874702342,1,0.0252278527295854,2,0.0,0.0,-0.2359,-0.1993
2023-10-30,BRK-B,2634700,0.0133650057701651,1,0.0185607665616937,1,0.0159,0.0185,0.9967,-0.0017
2023-10-31,AAPL,44846000,0.0083849903617796,1,0.0177147912127397,1,-0.0,0.0,-0.0035,-1.0
2023-10-31,TSLA,118068300,0.0240669046411243,1,0.0445135424479417,2,0.4902,0.5098,-1.0,0.2857
2023-10-31,MSFT,20265300,-0.0021839183668983,1,0.0127194849666819,1,-0.0,0.0,-0.0,-0.6179
2023-11-01,AMZN,61529400,0.0226932900401095,1,0.0271722843178361,1,-0.5103,0.5161,0.0631,-0.0983
2023-11-02,META,21631800,-0.020264711387183,1,0.0330602620722369,1,0.2514,0.8114,1.0,-0.0009
2023-11-02,AAPL,77334800,0.0116795977772173,-1,0.0132178213819339,1,-1.0,1.0,-0.0,-0.0035
2023-11-02,AMZN,52236700,-0.0047573590690257,1,0.0168672703089121,3,-0.0005,0.6662,-0.5103,0.0631
2023-11-03,META,16764300,0.0065590094084559,1,0.0144936776714819,1,1.0,1.0,0.2514,1.0
2023-11-06,JPM,7625100,0.0063561058444349,-1,0.0097786489710041,1,1.0,1.0,-0.5024,1.0
2023-11-06,META,12887700,-0.0005697296889048,1,0.0122791766261515,1,0.9893,0.9906,1.0,0.2514
2023-11-06,AAPL,63841300,0.0161582422373789,1,0.0182559580041594,2,0.0037,0.9863,-1.0,-0.0
2023-11-06,UNH,2684900,0.0034422757802151,1,0.0112296741783737,1,-0.0,0.0,0.0008,1.0
2023-11-06,AMZN,44970400,0.0070626335047876,1,0.0170798155881358,1,0.0001,0.0023,-0.0005,-0.5103
2023-11-07,META,14055600,0.0055510306540633,1,0.0185454012744885,1,-0.0001,0.0001,0.9893,1.0
2023-11-07,MSFT,25833900,0.0031441427434692,1,0.0134390279752112,1,-0.5678,0.9795,-0.0,-0.0
2023-11-07,JPM,6297900,0.0034840778979764,1,0.010034055032652,1,-1.0,1.0,1.0,-0.5024
2023-11-07,AAPL,70530000,0.0147338696079449,1,0.0193660082740484,1,-0.0,0.0,0.0037,-1.0
2023-11-08,AAPL,49340300,0.0029613011684039,-1,0.0102001675245114,1,-1.0,1.0,-0.0,0.0037
2023-11-08,GOOGL,26425800,0.0066427052689832,-1,0.0109185914426353,1,-0.0,0.0,0.0,-0.2359
2023-11-09,META,16103100,0.0035375816095819,1,0.0168430425666789,1,0.0,0.0,-0.0001,0.9893
2023-11-09,AMZN,36235400,-0.0099985785539133,1,0.0197859278556481,1,1.0,1.0,0.0001,-0.0005
2023-11-13,AMZN,35680600,0.0035894883182952,1,0.0180180006024901,1,0.1986,0.1995,1.0,0.0001
2023-11-14,META,17179400,0.0052908141581343,-1,0.0142584426657881,2,0.0213,0.0213,0.0,-0.0001
2023-11-14,AMZN,56674600,0.0055172624259159,-1,0.0177931160762392,2,0.0213,0.0213,0.1986,1.0
2023-11-14,GOOGL,32395200,-0.0042477629767362,1,0.0177359682593541,1,-0.0,0.0,-0.0,0.0
2023-11-14,JPM,9927700,0.0119989763669767,1,0.0186119161702809,1,0.9378,0.9386,-1.0,1.0
2023-11-14,BRK-B,3387500,0.0049075542954843,1,0.0133326119184945,1,0.9959,0.9959,0.0159,0.9967
2023-11-16,BRK-B,2822500,0.005785451681725,-1,0.0077419406565795,1,0.8904,0.8913,0.9959,0.0159
2023-11-16,AMZN,49653500,0.0136257051951351,1,0.0269675889078103,1,0.0,0.0,0.0213,0.1986
2023-11-17,BRK-B,3260000,-0.0042722238735727,1,0.0069076212332311,1,-0.0003,0.0003,0.8904,0.9959
2023-11-17,TSLA,142532800,0.0099138062575767,1,0.0467672676875673,2,-0.4878,0.5141,0.4902,-1.0
2023-11-20,AMZN,41951200,0.0068903739154936,-1,0.0130917735226952,1,-0.9961,0.9968,0.0,0.0213
2023-11-20,JPM,7019000,0.0079562824862555,-1,0.012033152347589,1,-0.0001,0.0001,0.9378,-1.0
2023-11-21,BRK-B,2918800,0.001164827343101,1,0.0077097977780852,2,0.4985,0.4988,-0.0003,0.8904
2023-11-21,META,12027900,-0.0039901150932986,1,0.0118227770483052,1,0.9873,0.9873,0.0213,0.0
2023-11-21,AAPL,38134500,-0.0040228005732668,1,0.0092994030888743,1,0.9999,1.0,-1.0,-0.0
2023-11-21,TSLA,122288000,0.026208321298794,-1,0.0437372322708594,1,1.0,1.0,-0.4878,0.4902
2023-11-21,AMZN,71226000,-6.955573184823363e-05,1,0.0177194287184165,2,0.0001,0.0002,-0.9961,0.0
2023-11-22,TSLA,117950600,-0.0323499702093002,1,0.052098830607074,1,-0.1934,0.5641,1.0,-0.4878
2023-11-22,MSFT,23345300,-0.0003968092499586,-1,0.012751342127563,1,0.0007,0.0008,-0.5678,-0.0
2023-11-24,AMZN,22378400,0.0002727235566064,1,0.012815198794358,1,0.8458,0.8459,0.0001,-0.9961
2023-11-24,BRK-B,1282000,0.0004689054248906,-1,0.0053791954828835,1,-0.0001,0.0001,0.4985,-0.0003
2023-11-27,GOOGL,23436500,0.0027935373536908,1,0.0177901800386815,1,-0.0003,0.0003,-0.0,-0.0
2023-11-27,UNH,2675800,-0.0064155527090083,-1,0.0171083636798521,1,0.8229,0.8229,-0.0,0.0008
2023-11-27,AMZN,53762400,0.0013556358021894,-1,0.0161322418743043,1,-0.0083,0.0101,0.8458,0.0001
2023-11-28,BRK-B,2953500,-0.0041488039016583,-1,0.0080486896981329,2,-0.0019,0.002,-0.0001,0.4985
2023-11-28,AMZN,42711700,0.0003402031107042,-1,0.0140835990229308,3,-0.1332,0.5323,-0.0083,0.8458
2023-11-29,JPM,9126100,0.000973011332004,1,0.0105727761702784,2,-0.0001,0.0002,-0.0001,0.9378
2023-11-29,GOOGL,23967200,-0.018754101139024,-1,0.0250781185183147,1,-0.0001,0.0001,-0.0003,-0.0
2023-11-30,AMZN,65814000,0.0091876338872883,1,0.0179607000786656,1,-0.0,0.0001,-0.1332,-0.0083
2023-12-01,AMZN,39951800,0.0070547861595676,-1,0.0116438147139875,2,0.4999,0.4999,-0.0,-0.1332
2023-12-01,UNH,3462200,-0.005922767826104,1,0.0173322905394174,1,1.0,1.0,0.8229,-0.0
2023-12-04,META,19037100,0.0086040543201142,-1,0.0226921160312356,1,-0.0022,0.003,0.9873,0.0213
2023-12-05,UNH,2645600,0.0021126101461753,-1,0.0130760408489833,2,0.0006,0.0144,1.0,0.8229
2023-12-05,AMZN,46822400,0.0231975044253676,-1,0.0378962196151596,1,-0.0,0.0,0.4999,-0.0
2023-12-05,MSFT,23065000,0.016564269625979,-1,0.0203574599715484,1,1.0,1.0,0.0007,-0.5678
2023-12-05,META,16952100,-0.0021631526040539,-1,0.0203460718880381,1,0.801,0.8052,-0.0022,0.9873
2023-12-06,AMZN,39679000,-0.0207345000720134,1,0.0241903190129079,1,-0.0,0.0,-0.0,0.4999
2023-12-06,JPM,9366000,-0.0159279705214482,1,0.0202719799480063,1,-0.0007,0.0007,-0.0001,-0.0001
2023-12-06,META,11294300,-0.0139160083579469,1,0.0161836162321325,2,0.0008,0.0014,0.801,-0.0022
2023-12-07,GOOGL,56767100,0.0139958492566256,-1,0.0285841291636671,2,0.4999,0.5,-0.0001,-0.0003
2023-12-07,AMZN,52352800,0.004994943666198,1,0.0176531093999364,2,0.0,0.0001,-0.0,-0.0
2023-12-07,BRK-B,2830000,0.0019886710427024,1,0.0061647241765802,1,0.999,0.9992,-0.0019,-0.0001
2023-12-08,GOOGL,32260100,0.0058868000215122,-1,0.01766017266082,1,-1.0,1.0,0.4999,-0.0001
2023-12-11,GOOGL,31138000,0.0068740623187457,-1,0.0149569093103735,1,1.0,1.0,-1.0,0.4999
2023-12-11,AMZN,50907300,0.0015789902633298,1,0.0175065425487226,1,-0.0008,0.0008,0.0,-0.0
2023-12-11,BRK-B,3108400,0.0058028100242077,1,0.0092394331811179,1,-0.0027,0.003,0.999,-0.0019
2023-12-11,AAPL,60943700,0.0003624466118196,1,0.0107193170611374,1,0.0,0.0003,0.9999,-1.0
2023-12-11,MSFT,27708800,0.0076529980529804,1,0.0149261827942251,1,0.0,0.0003,1.0,0.0007
2023-12-12,JPM,10223000,0.0081015422943879,1,0.0111159270311137,1,-0.0001,0.0001,-0.0007,-0.0001
2023-12-12,META,18485500,0.0296364600625412,1,0.0305298936406953,1,0.0009,0.001,0.0008,0.801
2023-12-13,AMZN,52766200,0.0048609319770331,-1,0.0178233829103205,2,0.4999,0.5,-0.0008,0.0
2023-12-13,AAPL,70404200,0.0147112124140173,1,0.0161463629894618,1,0.9998,1.0,0.0,0.9999
2023-12-14,UNH,5386800,-0.0184824504578533,-1,0.028513611692376,1,0.971,0.9723,0.0006,1.0
2023-12-14,AMZN,58400800,-0.0167411100476988,1,0.0334822200953977,2,0.4966,0.4968,0.4999,-0.0008
2023-12-14,BRK-B,5512300,-0.0162889517226232,-1,0.0210684883047383,1,0.0,0.0,-0.0027,0.999
2023-12-14,MSFT,43277500,-0.0197691059202189,1,0.0257962683715721,1,-0.0,0.0,0.0,1.0
2023-12-14,TSLA,160829200,0.0407511888786567,1,0.0542658632386915,1,-0.0007,0.0007,-0.1934,1.0
2023-12-14,AAPL,66831600,0.0004544810420607,-1,0.0174729389982107,1,-0.0,0.0,0.9998,0.0
2023-12-15,MSFT,78502300,0.0105765430509974,1,0.0166825542193411,2,0.5002,0.5004,-0.0,0.0
2023-12-15,META,31776900,0.0088256371563818,1,0.0224103215767252,1,0.0004,0.0009,0.0009,0.0008
2023-12-15,BRK-B,8578200,-0.0031597037927026,1,0.0106254725305107,1,0.6204,0.6261,0.0,-0.0027
2023-12-15,AMZN,110089300,0.0107157048494935,1,0.0181291437719708,3,0.3336,0.3337,0.4966,0.4999
2023-12-18,META,18993900,0.0211567615812025,1,0.0312315046870995,1,1.0,1.0,0.0004,0.0009
2023-12-18,AMZN,62512800,0.0233130301709722,-1,0.0318809984696618,1,0.822,0.8221,0.3336,0.4966
2023-12-19,AAPL,40714100,0.003976339542899,-1,0.0054037394922749,1,-0.0,0.0,-0.0,0.9998
2023-12-19,META,17729400,0.0138318159761179,-1,0.0245384898310797,2,0.5,0.5001,1.0,0.0004
2023-12-19,TSLA,106737400,0.0147546376684656,-1,0.0210273075623047,1,-0.0066,0.0178,-0.0007,-0.1934
2023-12-20,TSLA,125097000,-0.0361530522993038,1,0.0500760350786112,2,-0.0149,0.07,-0.0066,-0.0007
2023-12-20,GOOGL,49107200,-0.0045333876180368,1,0.0261206705917669,1,0.0,0.0,1.0,-1.0
2023-12-22,UNH,1759500,0.0008270998533174,-1,0.0095983499798185,1,-0.0,0.0,0.971,0.0006
2023-12-26,AAPL,28919300,-0.0028923999629584,1,0.0054749111887408,1,-0.0001,0.0002,-0.0,-0.0
2023-12-27,MSFT,14905400,0.0010168987137194,1,0.006021033437609,1,0.0208,0.0219,0.5002,-0.0
2023-12-27,AMZN,31434700,-0.0014326727285807,1,0.0108101308185809,1,0.0001,0.0002,0.822,0.3336
2023-12-28,JPM,6320100,0.0056096658636168,-1,0.0098022060955503,1,-0.0,0.0,-0.0001,-0.0007
2023-12-29,AMZN,39823200,-0.007576770841701,-1,0.0186806041563305,1,-0.0,0.0,0.0001,0.822
2023-12-29,META,14987100,-0.0140115293354361,-1,0.0227861302495947,2,0.5,0.5,0.5,1.0
2024-01-02,GOOGL,23711200,-0.0027427273507207,1,0.0214363129215783,1,-0.0128,0.0128,0.0,1.0
2024-01-02,TSLA,104654200,-0.0066378904748681,-1,0.027351232756754,1,0.9967,0.9983,-0.0149,-0.0066
2024-01-02,AAPL,82488700,-0.0080683652475624,-1,0.0243120662577977,3,-0.6666,0.6667,-0.0001,-0.0
2024-01-02,BRK-B,4737000,0.0172316569506369,1,0.0186068835499878,1,1.0,1.0,0.6204,0.0
2024-01-03,AMZN,49425500,-0.0048927328583813,-1,0.0182305715572279,1,-0.0,0.0001,-0.0,0.0001
2024-01-03,META,15451100,-0.0014783748315354,1,0.0138269446905404,1,-0.0,0.0,0.5,0.5
2024-01-04,AMZN,56039800,-0.0070059004006336,1,0.0228724631830218,1,0.0003,0.0003,-0.0,-0.0
2024-01-04,TSLA,102629300,-0.0055172719925548,-1,0.0207732548409745,1,-0.0,0.0,0.9967,-0.0149
2024-01-04,META,12099900,0.0076052107900943,1,0.0137880986937591,3,0.0,0.0006,-0.0,0.5
2024-01-05,AMZN,45153100,0.0038012512438828,1,0.014237317878462,1,-1.0,1.0,0.0003,-0.0
2024-01-05,AAPL,62379700,-0.0044508642943759,1,0.0142315306319827,1,-1.0,1.0,-0.6666,-0.0001
2024-01-05,MSFT,21004600,-0.0033065051810902,1,0.0150689691308209,1,-0.006,0.0068,0.0208,0.5002
2024-01-08,AMZN,46757100,0.0160828712144317,1,0.0221480160715368,1,1.0,1.0,-1.0,0.0003
2024-01-08,META,13890200,0.0111643397766977,-1,0.0195377021563631,1,-0.0,0.0,0.0,-0.0
2024-01-09,MSFT,20830000,0.0101610136288492,1,0.0129028458024365,1,-0.0295,0.1454,-0.006,0.0208
2024-01-10,AMZN,44421800,0.0109824950398398,1,0.0167038887736011,4,-0.0001,0.0001,1.0,-1.0
2024-01-11,META,17205400,-0.0066105700233787,1,0.0264692606730744,1,0.0205,0.0286,-0.0,0.0
2024-01-11,AMZN,49072700,0.0009029888784248,-1,0.0261223118365553,1,0.4706,0.4735,-0.0001,1.0
2024-01-12,MSFT,21661200,0.0077304497180751,1,0.0104542241858126,1,0.8401,0.8459,-0.0295,-0.006
2024-01-12,JPM,19436500,-0.0273302641921441,-1,0.0426352332105694,1,-0.4385,0.4391,-0.0,-0.0001
2024-01-12,TSLA,123043800,-0.0054071357302139,1,0.0372137512416659,2,-0.5,0.5,-0.0,0.9967
2024-01-12,AAPL,40477800,-0.0007524421771764,-1,0.0083306625394837,1,0.8401,0.8459,-1.0,-0.6666
2024-01-16,BRK-B,3046500,-0.0050696983675357,-1,0.0102220516617676,1,-0.0,0.0,1.0,0.6204
2024-01-16,JPM,17206400,0.0189240642225947,-1,0.0229877685350748,1,-0.0653,0.0664,-0.4385,-0.0
2024-01-16,META,15306900,-0.0165663121705312,1,0.0224273370858289,1,-0.0003,0.0003,0.0205,-0.0
2024-01-17,JPM,11107500,-0.0014939644165833,1,0.0154177237212625,1,-0.0008,0.0018,-0.0653,-0.4385
2024-01-17,UNH,3791300,0.0070211267242829,-1,0.020449609701929,1,0.9998,0.9998,-0.0,0.971
2024-01-17,GOOGL,20968600,0.0008489219101951,1,0.0207994504029467,1,0.0083,0.0112,-0.0128,0.0
2024-01-17,META,12724800,0.0056511258345679,1,0.0271089913302749,1,-0.0023,0.0023,-0.0003,0.0205
2024-01-18,BRK-B,3007800,0.0087126092771398,1,0.0120807984842553,1,0.8737,0.9028,-0.0,1.0
2024-01-19,META,21670800,0.0117414570106365,-1,0.0168601164402621,4,0.2493,0.2507,-0.0023,-0.0003
2024-01-19,AAPL,68903000,0.0117783536997426,1,0.01653192623331,1,-1.0,1.0,0.8401,-1.0
2024-01-19,MSFT,29331100,0.0073529502483909,-1,0.013063506418438,1,0.0,0.0,0.8401,-0.0295
2024-01-19,AMZN,51651600,0.009815994857065,-1,0.01963198971413,1,0.0101,0.0102,0.4706,-0.0001
2024-01-22,TSLA,117952500,-0.0163007233799146,1,0.0543201690270729,1,0.2115,0.2545,-0.5,-0.0
2024-01-22,JPM,12837500,-0.0020533033540421,-1,0.0133168422167333,1,-0.0,0.0,-0.0008,-0.0653
2024-01-22,AMZN,43687500,-0.0134489171939583,1,0.0200778199217793,1,0.006,0.0225,0.0101,0.4706
2024-01-23,META,15506100,0.0015080263564223,1,0.0163798512571541,2,0.6574,0.6577,0.2493,-0.0023
2024-01-24,BRK-B,4589300,0.0108984446135814,1,0.0154618682642991,1,0.253,0.2544,0.8737,-0.0
2024-01-24,TSLA,123369900,-0.0191146071286802,-1,0.0281290887187514,2,-0.9999,1.0,0.2115,-0.5
2024-01-24,AAPL,53631300,-0.0047077994962928,-1,0.0104390981682348,1,0.0,0.0,-1.0,0.8401
2024-01-24,AMZN,48547300,-0.0058935862901426,1,0.0128643773132947,2,-0.0,0.0,0.006,0.0101
2024-01-24,META,15698500,0.0017949030949518,1,0.0213846059945912,2,0.0,0.0,0.6574,0.2493
2024-01-24,JPM,9967100,0.0067312198012519,1,0.012694815120076,1,-0.0006,0.0011,-0.0,-0.0008
2024-01-25,TSLA,198076800,-0.0372693314663503,1,0.0682129818111531,2,-1.0,1.0,-0.9999,0.2115
2024-01-25,MSFT,21021200,0.0013602784502517,-1,0.0110803593816114,1,-0.0,0.0,0.0,0.8401
2024-01-25,AMZN,43638600,0.005097184245385,1,0.0252309113225661,2,-0.0003,0.001,-0.0,0.006
2024-01-25,META,15091100,0.0077145324972656,1,0.0251941108592813,1,-0.1593,0.1626,0.0,0.6574
2024-01-26,TSLA,107343200,-0.0121293800539083,1,0.0252290710284705,1,-0.7917,0.7926,-1.0,-0.9999
2024-01-26,BRK-B,3621400,0.0114158410782552,-1,0.0150374259805549,1,-0.2388,0.2388,0.253,0.8737
2024-01-26,AMZN,51047400,0.004418614798213,1,0.0177376441804844,2,-0.0002,0.0002,-0.0003,-0.0
2024-01-26,JPM,7443000,-0.0019118349451816,1,0.0074155539932262,1,0.1148,0.1148,-0.0006,-0.0
2024-01-29,AAPL,47145600,-0.001458251066649,-1,0.0136450976102405,1,0.1193,0.2551,0.0,-1.0
2024-01-30,MSFT,33477600,-0.0089021814893489,-1,0.0160092549109713,2,-0.9805,0.9994,-0.0,0.0
2024-01-30,AMZN,45207400,-0.0105786993187667,-1,0.0201617317728918,1,0.0832,0.0837,-0.0002,-0.0003
2024-01-30,JPM,10822100,0.019903965775392,-1,0.022739065174708,1,-0.0,0.0,0.1148,-0.0006
2024-01-30,META,18614700,-0.0087464972158069,-1,0.0168239502687252,1,-0.9937,0.9989,-0.1593,0.0
2024-01-30,GOOGL,36331800,-0.0087696093660202,-1,0.0159030931102675,4,-0.4984,0.9997,0.0083,-0.0128
2024-01-31,GOOGL,71910000,-0.0245090456297517,1,0.0287564755829618,1,-1.0,1.0,-0.4984,0.0083
2024-01-31,TSLA,103221400,0.0015507662360043,1,0.0434224337817514,1,-0.0002,0.0002,-0.7917,-1.0
2024-01-31,META,20180800,0.0029306289162917,1,0.0280205498624275,2,0.4528,0.4782,-0.9937,-0.1593
2024-02-01,AAPL,64885400,0.0155986468367931,-1,0.0170117372171052,2,-0.0067,0.9933,0.1193,0.0
2024-02-01,META,29727100,0.002132295102515,1,0.0189115402367379,7,0.5339,0.5637,0.4528,-0.9937
2024-02-01,AMZN,76542400,0.021877229543413,1,0.0265605922842036,4,0.7835,0.7835,0.0832,-0.0002
2024-02-01,GOOGL,40466500,-0.0067547951594464,1,0.0159724482863171,1,0.1339,0.1341,-1.0,-0.4984
2024-02-01,MSFT,30657700,0.0048528289878649,1,0.0154294413413974,2,0.4933,0.4933,-0.9805,-0.0
2024-02-02,AMZN,117218300,0.0154855197079085,-1,0.0305573502827732,4,0.75,0.75,0.7835,0.0832
2024-02-02,AAPL,102551700,0.0333037110688151,1,0.0449238396732758,1,0.7238,0.7266,-0.0067,0.1193
2024-02-02,GOOGL,62499600,0.0224042115399007,1,0.0439465414231872,1,-0.9988,0.9988,0.1339,-1.0
2024-02-02,MSFT,28256700,0.0183502233894893,-1,0.0225105777292492,1,-0.0001,0.0002,0.4933,-0.9805
2024-02-02,META,84707600,0.033485604713837,-1,0.071692735534977,11,0.529,0.5315,0.5339,0.4528
2024-02-05,MSFT,25352300,-0.0103683826867128,-1,0.0174921042559105,1,-0.0,0.0,-0.0001,0.4933
2024-02-05,META,40832400,-0.0222822872050371,-1,0.0269855974802409,2,-0.0001,0.0002,0.529,0.5339
2024-02-05,AMZN,55081300,0.0006463020700582,-1,0.0167450420365301,2,-0.0,0.0,0.75,0.7835
2024-02-05,TSLA,134294400,-0.017366748310217,1,0.0524801826616062,4,-0.0045,0.0048,-0.0002,-0.7917
2024-02-05,GOOGL,38505400,0.0060214627325304,1,0.018834913201619,1,-0.0,0.0,-0.9988,0.1339
2024-02-06,META,21655200,-0.0199999973691743,1,0.0304310239594557,1,0.7207,0.7218,-0.0001,0.529
2024-02-06,TSLA,122676000,0.0445234416270185,1,0.0529315756866822,1,-0.0004,0.0007,-0.0045,-0.0002
2024-02-06,AAPL,43490800,0.0130579173361678,1,0.0135930283519013,1,-0.0001,0.0002,0.7238,-0.0067
2024-02-06,JPM,6764800,0.0028062853871555,1,0.0120840765304163,2,0.499,0.4991,-0.0,0.1148
2024-02-06,MSFT,18382600,-0.0009609112145106,1,0.0124667327725458,1,-0.0001,0.0002,-0.0,-0.0001
2024-02-07,AMZN,47174100,0.0061954394514254,-1,0.0114467930747712,2,-0.0001,0.0001,-0.0,0.75
2024-02-07,MSFT,22340500,0.0162232115451478,1,0.0169349937540227,2,0.5792,0.7173,-0.0001,-0.0
2024-02-07,BRK-B,3426800,0.0077546819849542,-1,0.0121388962768168,1,-0.0001,0.0001,-0.2388,0.253
2024-02-07,UNH,4109100,0.0104667317379006,1,0.0161669955851305,1,-0.0,0.0,0.9998,-0.0
2024-02-07,META,23066000,0.0253056688600232,1,0.0334934417857873,1,-0.0,0.0,0.7207,-0.0001
2024-02-08,META,18815100,0.0035872750459243,-1,0.0118722187214705,1,-0.0007,0.0007,-0.0,0.7207
2024-02-09,MSFT,22032800,0.0127633661480282,-1,0.0137989427726145,2,-0.5055,0.5066,0.5792,-0.0001
2024-02-12,GOOGL,21564100,-0.0059964923907043,-1,0.013273152169566,2,0.9953,0.9954,-0.0,-0.9988
2024-02-13,AMZN,56345100,0.0054254080086401,1,0.0310021885214203,2,-0.3658,0.3674,-0.0001,-0.0
2024-02-13,TSLA,86759500,0.0001630457003165,1,0.0279906176570863,1,0.0727,0.0728,-0.0004,-0.0045
2024-02-13,META,20916600,0.007113621018527,1,0.0280167628589039,1,-1.0,1.0,-0.0007,-0.0
2024-02-13,AAPL,56529500,-0.003929649402696,-1,0.0145341666842579,1,-0.0,0.0,-0.0001,0.7238
2024-02-14,AMZN,42815500,0.0104603093401261,-1,0.0173158076846184,2,0.5,0.5,-0.3658,-0.0001
2024-02-14,GOOGL,22704200,-0.0009583747802135,-1,0.016634774809085,1,-0.019,0.0197,0.9953,-0.0
2024-02-15,MSFT,21825500,-0.003871262393139,-1,0.0118586665462335,1,0.0004,0.0005,-0.5055,0.5792
2024-02-15,AMZN,49855200,-0.0045726273357025,-1,0.0209872305816972,1,-0.0,0.0,0.5,-0.3658
2024-02-16,TSLA,111346700,-0.0104424459855776,-1,0.0285558959822698,1,-0.0,0.0,0.0727,-0.0004
2024-02-16,MSFT,22296500,-0.0095597460000286,-1,0.0118884356434485,1,-0.0,0.0,0.0004,-0.5055
2024-02-16,AAPL,49752500,-0.0060516880461921,-1,0.0173373021825092,1,-0.0,0.0,-0.0,-0.0001
2024-02-20,GOOGL,25144700,0.0104538981583474,1,0.0185450112414202,1,-0.0003,0.0022,-0.019,0.9953
2024-02-20,AMZN,41980300,-0.0044688076733442,1,0.0176964856598932,5,-0.0003,0.0004,-0.0,0.5
2024-02-21,GOOGL,23223300,0.0077766428225383,1,0.0142100375326306,1,0.0003,0.0004,-0.0003,-0.019
2024-02-21,JPM,7024000,0.0052792273651187,1,0.0137260420260719,1,1.0,1.0,0.499,-0.0
2024-02-21,UNH,2095900,-0.003246342663339,1,0.0117440842797315,1,0.997,0.9979,-0.0,0.9998
2024-02-21,AMZN,44420100,-0.0020717775450312,1,0.0182904954021315,1,0.0001,0.0002,-0.0003,-0.0
2024-02-21,BRK-B,2717600,0.0024249013145895,1,0.006809383022581,1,-0.0145,0.0147,-0.0001,-0.2388
2024-02-22,TSLA,92739500,0.0175773384644813,-1,0.0358763232673564,1,-0.0,0.0,-0.0,0.0727
2024-02-23,JPM,7105800,0.0009793152546718,-1,0.010935175091307,1,-0.0,0.0,1.0,0.499
2024-02-23,BRK-B,4015600,-0.0011013011471564,-1,0.0096724971647322,1,-0.0,0.0,-0.0145,-0.0001
2024-02-23,UNH,2502000,0.000930214018747,-1,0.0120361212253797,1,-0.0,0.0,0.997,-0.0
2024-02-26,BRK-B,7432300,-0.0304738989373518,-1,0.0501184689490151,1,-0.0,0.0,-0.0,-0.0145
2024-02-26,JPM,7145400,-0.0021224456579506,1,0.0107755699936224,2,-0.0,0.0,-0.0,1.0
2024-02-26,MSFT,16193500,-0.0095270086802212,-1,0.0116658202747057,1,0.0,0.0,-0.0,0.0004
2024-02-26,GOOGL,53641800,-0.0321513443439799,1,0.0355283739513338,3,-0.7969,0.7987,0.0003,-0.0003
2024-02-26,AMZN,44368600,-0.0055207810902174,-1,0.012009110113833,2,-0.262,0.2821,0.0001,-0.0003
2024-02-27,BRK-B,4609100,-0.0007330900985629,1,0.0201607980554542,1,-0.008,0.008,-0.0,-0.0
2024-02-27,JPM,5717100,0.0007637302466478,1,0.0070917451872924,1,-1.0,1.0,-0.0,-0.0
2024-02-28,UNH,9558600,0.0057322709589371,-1,0.0285806012327515,1,-1.0,1.0,-0.0,0.997
2024-02-28,AMZN,28180500,0.0041753723643548,1,0.0103224237653424,1,0.8347,0.8364,-0.262,0.0001
2024-02-28,TSLA,99806200,0.0080830013570897,-1,0.034228124304087,1,-0.0,0.0,-0.0,-0.0
2024-02-28,GOOGL,37328600,-0.011022400877065,1,0.0188541766483199,1,-0.0007,0.0008,-0.7969,0.0003
2024-02-28,AAPL,48953900,-0.0059722556062528,-1,0.0163826109493581,1,-0.8102,0.8112,-0.0,-0.0
2024-02-29,TSLA,85907000,-0.0112645110954672,1,0.0334508868452164,1,0.0036,0.004,-0.0,-0.0
2024-02-29,MSFT,31947300,0.0122357082536364,1,0.0202623298807883,1,-0.0,0.0,0.0,-0.0
2024-02-29,JPM,9643000,0.0021544430065419,-1,0.0138962971096404,2,0.0001,0.0004,-1.0,-0.0
2024-02-29,META,17732000,0.003460000067478,1,0.018610324318306,1,-0.0002,0.0003,-1.0,-0.0007
2024-03-01,JPM,6311800,-0.0022078819000932,1,0.0072159200856858,1,-0.0,0.0,0.0001,-1.0
2024-03-01,GOOGL,31151100,-0.0093187412727393,-1,0.0140865206343635,1,-0.9998,1.0,-0.0007,-0.7969
2024-03-04,MSFT,17596000,0.0035797479140588,-1,0.0121662121458837,1,0.9999,0.9999,-0.0,0.0
2024-03-05,AAPL,95132400,-0.0037479468859014,-1,0.0141719269547554,1,0.0001,0.0006,-0.8102,-0.0
2024-03-05,META,15325300,-0.0096565631904987,1,0.0155352968158142,1,-0.559,0.559,-0.0002,-1.0
2024-03-06,AMZN,32090900,-0.0115643093137638,1,0.0182295336072799,2,1.0,1.0,0.8347,-0.262
2024-03-06,META,11757900,-0.003094685870649,1,0.0174426634057672,3,0.0001,0.0001,-0.559,-0.0002
2024-03-06,MSFT,22344100,-0.0021837975039003,1,0.0168002307694463,1,0.0008,0.0039,0.9999,-0.0
2024-03-07,AMZN,34063300,0.0113825171442089,-1,0.0244237500871687,2,1.0,1.0,1.0,0.8347
2024-03-08,MSFT,18002200,-0.0042651001834001,-1,0.0149280002525426,1,0.0007,0.0008,0.0008,0.9999
2024-03-08,JPM,6172200,-0.0011674868279176,1,0.0134791366589569,1,1.0,1.0,-0.0,0.0001
2024-03-08,AAPL,76267000,0.0102366611096985,1,0.0281656479694433,2,0.0003,0.0004,0.0001,-0.8102
2024-03-08,AMZN,37893200,-0.0061777166334635,-1,0.0252776660245129,1,-0.9995,0.9995,1.0,1.0
2024-03-08,GOOGL,39370400,0.0089411883482022,1,0.0304746005013651,1,0.0007,0.0008,-0.9998,-0.0007
2024-03-11,META,20428300,-0.0270014952698092,1,0.0428965350904553,1,-0.9991,0.9993,0.0001,-0.559
2024-03-11,AMZN,28484800,-0.0134816756218278,1,0.0172107167805539,1,0.0014,0.0014,-0.9995,1.0
2024-03-12,UNH,4153800,0.0024993366695333,-1,0.0100997533986152,1,0.0007,0.0012,-1.0,-0.0
2024-03-12,MSFT,22457000,0.0187920213774282,-1,0.0215396665631496,1,0.0,0.0003,0.0007,0.0008
2024-03-12,AAPL,59825400,0.0004620377353435,-1,0.0174415499792995,1,0.0,0.0003,0.0003,0.0001
2024-03-14,JPM,10310900,-0.0160184137473039,1,0.0237135466065228,3,0.1626,0.5042,1.0,-0.0
2024-03-14,MSFT,34157300,0.0118503976348151,-1,0.0233914366035496,1,0.9983,0.9999,0.0,0.0007
2024-03-14,TSLA,126325700,-0.0314120768805749,1,0.0635393895847876,1,0.0058,0.0111,0.0036,-0.0
2024-03-14,META,12620000,-0.0168512833902291,-1,0.0263662938950204,1,0.9988,0.9991,-0.9991,0.0001
2024-03-15,JPM,17214200,0.0204848102302622,1,0.0239168104678828,1,-0.0275,0.0277,0.1626,1.0
2024-03-15,MSFT,45079900,-0.0068448926964592,1,0.023396688112454,1,1.0,1.0,0.9983,0.0
2024-03-18,GOOGL,69273700,-0.0062580440801473,-1,0.0335105020327426,1,0.9999,0.9999,0.0007,-0.9998
2024-03-18,JPM,9013800,0.0106488943361502,1,0.0147405837833408,1,0.2845,0.309,-0.0275,0.1626
2024-03-18,AMZN,31250700,-0.0075085739550876,1,0.0137087805476308,1,-0.0001,0.0001,0.0014,-0.9995
2024-03-19,AAPL,55215200,0.0099805295956972,1,0.0205345985215935,1,0.0002,0.0002,0.0,0.0003
2024-03-19,META,10903100,0.0165310784863176,1,0.031443975830744,1,0.0112,0.0141,0.9988,-0.9991
2024-03-20,AMZN,29947200,0.0114113461666905,-1,0.0220847019593951,1,1.0,1.0,-0.0001,0.0014
2024-03-22,AMZN,27995400,0.0063009570587201,1,0.0141209254955608,1,-0.0,0.0,1.0,-0.0001
2024-03-22,BRK-B,2999600,-0.0033898157299863,-1,0.0071428866998335,1,-0.0,0.0,-0.008,-0.0
2024-03-25,AMZN,29815500,0.0095500941491572,-1,0.0210662328842216,1,-0.0,0.0,-0.0,1.0
2024-03-25,GOOGL,19229300,0.000867046023047,1,0.017073479504538,1,-0.0,0.0,0.9999,0.0007
2024-03-26,AAPL,57388400,-0.0017058428596047,1,0.0108235078699447,1,-0.9946,1.0,0.0002,0.0
2024-03-26,AMZN,29659000,-0.0102691696220072,1,0.013877324922012,1,0.4783,0.4784,-0.0,-0.0
2024-03-27,UNH,2653100,-0.0012153252758357,1,0.0089528323241783,1,-0.0,0.0001,0.0007,-1.0
2024-03-28,AAPL,65672700,-0.001572077277793,-1,0.0100145631481986,1,0.0132,0.0306,-0.9946,0.0002
2024-03-28,AMZN,38051600,0.001165603130385,1,0.0135427788544364,2,-0.4885,0.4886,0.4783,-0.0
2024-04-01,UNH,2928700,-0.0096466701759381,-1,0.0143183338823127,1,-0.0001,0.0002,-0.0,0.0007
2024-04-01,JPM,7309000,-0.0052502776284672,-1,0.0118505677888411,1,0.9996,0.9999,0.2845,-0.0275
2024-04-01,BRK-B,2716100,-0.0030605187720506,-1,0.0091342764780126,1,-0.9961,0.9972,-0.0,-0.008
2024-04-02,UNH,11867000,-0.0031766567356165,1,0.0306353054510064,1,-0.218,0.2908,-0.0001,-0.0
2024-04-02,JPM,7014700,0.002369077182061,-1,0.0085689649350888,1,0.8155,0.8618,0.9996,0.2845
2024-04-02,META,11081000,0.025293730899384,1,0.0265512362827389,1,0.3442,0.3464,0.0112,0.9988
2024-04-03,AAPL,47691700,0.0050950923903036,-1,0.0124414416035116,1,-0.0,0.0,0.0132,-0.9946
2024-04-03,TSLA,82950100,0.0265821271599833,1,0.0337764199525267,1,-0.9999,0.9999,0.0058,0.0036
2024-04-03,AMZN,31046600,0.0139522504212494,-1,0.0170649926047033,2,-0.0,0.0,-0.4885,0.4783
2024-04-04,AMZN,41624300,-0.0217391304347826,1,0.0277174244756282,2,0.061,0.0645,-0.0,-0.4885
2024-04-04,BRK-B,3800600,-0.020101899507567,1,0.0235230306409186,2,-0.3466,0.4893,-0.9961,-0.0
2024-04-08,META,13260600,-0.0189503263710883,-1,0.0238058775855873,1,-0.0,0.0,0.3442,0.0112
2024-04-08,TSLA,104423300,0.0214952135843053,1,0.0396244647394372,1,-0.9947,0.9997,-0.9999,0.0058
2024-04-08,JPM,8001000,0.0043517894524873,-1,0.0068818978036361,1,-0.0,0.0,0.8155,0.9996
2024-04-09,GOOGL,31079500,0.0032674084027843,-1,0.0215900774953727,2,0.9444,0.9456,-0.0,0.9999
2024-04-10,JPM,7681400,-0.0004091118885511,-1,0.0147789036222748,1,-0.0007,0.0007,-0.0,0.8155
2024-04-11,UNH,5844100,-0.0192500125352512,-1,0.0206265186287384,1,-0.0,0.0,-0.218,-0.0001
2024-04-11,AMZN,40020700,0.0123701268643173,-1,0.0228125181552534,2,0.8729,0.9499,0.061,-0.0
2024-04-11,JPM,10137700,-0.0029082006337691,-1,0.016989805260483,1,1.0,1.0,-0.0007,-0.0
2024-04-12,GOOGL,25353700,-0.0014561343159776,-1,0.019498618005467,1,1.0,1.0,0.9444,-0.0
2024-04-12,JPM,31532300,-0.0293649841918562,1,0.0339316012166841,3,-0.3332,0.9999,1.0,-0.0007
2024-04-15,JPM,14766600,-0.0087262905710112,-1,0.0285095380250677,1,-0.0001,0.0001,-0.3332,1.0
2024-04-16,UNH,11816500,-0.0165278321765517,1,0.0296788686841581,2,0.5023,0.5072,-0.0,-0.218
2024-04-17,MSFT,15855500,-0.0129658565898367,-1,0.020491356046847,1,0.0,0.0001,1.0,0.9983
2024-04-17,AMZN,31359700,-0.0164396875884804,-1,0.0257717978564344,1,0.0,0.0001,0.8729,0.061
2024-04-17,META,12193700,-0.0177499355345741,1,0.0318425538050493,1,0.9999,0.9999,-0.0,0.3442
2024-04-18,BRK-B,2669500,0.0004753626109669,1,0.0097322592245618,1,-0.0,0.0,-0.3466,-0.9961
2024-04-22,AAPL,48116400,0.0019332531245162,1,0.0150434398870378,2,-0.4996,0.5003,-0.0,0.0132
2024-04-22,TSLA,107097600,0.0106004945862562,1,0.0401252097866418,1,-0.9416,0.9416,-0.9947,-0.9999
2024-04-22,META,17271100,-0.0163154255788179,1,0.0380013391790253,1,0.0029,0.0044,0.9999,-0.0
2024-04-22,BRK-B,2980600,0.0047684653890199,-1,0.0125356556617406,1,-0.0,0.0,-0.0,-0.3466
2024-04-22,UNH,4697700,-0.0131583989092195,-1,0.017638311705629,1,-0.0002,0.0002,0.5023,-0.0
2024-04-23,BRK-B,2287600,-0.0036807063147471,-1,0.0123826607489716,1,0.9952,0.9952,-0.0,-0.0
2024-04-23,AMZN,37046500,0.0081985143759332,-1,0.0221810248631374,1,-0.9919,0.9949,0.0,0.8729
2024-04-23,JPM,9144400,0.0052843325539346,1,0.0089467452068898,1,-0.0,0.0,-0.0001,-0.3332
2024-04-23,TSLA,124545100,0.0094187596977624,1,0.04290793147225,1,1.0,1.0,-0.9416,-0.9947
2024-04-24,GOOGL,22779100,0.0104133553396797,-1,0.015239120398517,1,1.0,1.0,1.0,0.9444
2024-04-24,AMZN,34185100,-0.0186173505505341,-1,0.0230077503182518,1,-0.9999,1.0,-0.9919,0.0
2024-04-24,UNH,3724400,0.0072760118701758,1,0.0168464879016266,1,0.9996,0.9996,-0.0002,0.5023
2024-04-24,META,37772700,-0.0286580278482061,-1,0.0500334872847427,3,-0.9771,0.9771,0.0029,0.9999
2024-04-25,GOOGL,57109700,0.0308596980931705,1,0.0371374499965364,3,1.0,1.0,1.0,1.0
2024-04-25,AMZN,49249400,0.0235148848738344,1,0.0447901412822922,2,-0.0001,0.0001,-0.9999,-0.9919
2024-04-25,MSFT,40586500,0.0127147927344263,1,0.030099271390206,1,1.0,1.0,0.0,1.0
2024-04-25,META,82890700,0.0474134107159863,1,0.0742050058533065,5,-0.7706,0.8077,-0.9771,0.0029
2024-04-26,BRK-B,3023100,-0.004505860724191,-1,0.0082689548100051,1,-0.0002,0.0002,0.9952,-0.0
2024-04-26,META,32691400,0.0041453747231133,-1,0.0328002792248538,2,-0.0016,0.0022,-0.7706,-0.9771
2024-04-26,AMZN,43919800,0.0102361756703675,1,0.026377966034348,1,0.8761,0.9568,-0.0001,-0.9999
2024-04-26,GOOGL,64665300,-0.0138785240391784,-1,0.0290188275453134,3,0.333,0.3339,1.0,1.0
2024-04-29,AAPL,68169400,0.0007498695649418,-1,0.0169002293263073,1,-0.0,0.0001,-0.4996,-0.0
2024-04-29,TSLA,243869700,0.0298800814007247,-1,0.0760535079625985,1,1.0,1.0,1.0,-0.9416
2024-04-29,AMZN,54063900,-0.0097947649035995,-1,0.0226538954289928,1,1.0,1.0,0.8761,-0.0001
2024-04-29,MSFT,19582100,-0.0074028377544725,-1,0.017594089778686,1,-0.0,0.0,1.0,0.0
2024-04-30,MSFT,28781400,-0.0302871901115412,1,0.0323544560271399,1,-0.0,0.0,-0.0,1.0
2024-04-30,AMZN,94639800,-0.0336296673535045,1,0.0452261450495851,6,0.6665,0.6665,1.0,0.8761
2024-04-30,META,18429500,-0.0020414670923433,1,0.0229671596725326,1,-0.0,0.0,-0.0016,-0.7706
2024-04-30,GOOGL,33562900,-0.0170883510695295,1,0.0332105547957845,1,-0.0,0.0,0.333,1.0
2024-05-01,MSFT,23562500,0.005934686270797,1,0.0290619293645635,1,0.0067,0.0237,-0.0,-0.0
2024-05-01,AAPL,50383100,-0.0016511308896895,1,0.0212289542672736,1,0.0,0.0,-0.0,-0.4996
2024-05-01,GOOGL,33493200,-0.0026780428072643,1,0.0245282940014758,1,0.0003,0.0003,-0.0,0.333
2024-05-02,AMZN,54303500,0.0213989216841517,1,0.0286978284006003,1,-0.1095,0.6701,0.6665,1.0
2024-05-02,AAPL,94214900,0.0030143428729883,1,0.0146658098652749,2,-0.0548,0.335,0.0,-0.0
2024-05-02,JPM,6501700,-0.0073030693977319,-1,0.0206142620632705,1,-0.0002,0.0002,-0.0,-0.0001
2024-05-02,GOOGL,24294500,0.0111050543456068,1,0.0172340339437929,1,1.0,1.0,0.0003,-0.0
2024-05-02,TSLA,89148000,-0.015585727299589,1,0.0469211517139683,1,0.6385,0.9898,1.0,1.0
2024-05-03,TSLA,75491500,-0.0049972741988381,1,0.0349258670905051,1,-0.0001,0.0001,0.6385,1.0
2024-05-03,BRK-B,4119100,-0.0089740540984239,1,0.0130778950430701,3,-0.333,0.333,-0.0002,0.9952
2024-05-03,JPM,8922800,-0.0077604452768961,1,0.0211978753407797,1,-0.0,0.0,-0.0002,-0.0
2024-05-03,AAPL,163224100,-0.0175193630892129,-1,0.023252057218376,2,0.5,0.5001,-0.0548,0.0
2024-05-06,BRK-B,3918900,0.0023765273615295,1,0.0145806125741399,2,0.4999,0.5001,-0.333,-0.0002
2024-05-06,TSLA,84390300,0.0052230219757275,-1,0.0291621355895307,2,-0.0,0.0007,-0.0001,0.6385
2024-05-06,META,15094600,0.0221695561727962,1,0.028139970371998,1,-0.0,0.0014,-0.0,-0.0016
2024-05-06,AMZN,34725300,0.0129911863045076,1,0.0212046219354022,1,0.8773,0.9089,-0.1095,0.6665
2024-05-06,MSFT,16996600,0.0116939002473299,-1,0.0184949539533685,1,0.0007,0.0232,0.0067,-0.0
2024-05-07,JPM,7688800,0.0002608401280845,1,0.0066770933733631,1,0.8803,0.8974,-0.0,-0.0002
2024-05-07,TSLA,75045900,-0.0251644544489159,-1,0.0321271974037304,1,-0.0137,0.0163,-0.0,-0.0001
2024-05-08,JPM,9227600,0.0243455177826407,1,0.0295811198768813,1,-0.0163,0.0168,0.8803,-0.0
2024-05-08,GOOGL,19569100,0.0022485496024407,1,0.0083431266468656,1,-1.0,1.0,1.0,0.0003
2024-05-08,META,11683900,0.0196332386267866,1,0.0271412871030541,1,-0.9991,0.9996,-0.0,-0.0
2024-05-09,AAPL,48983000,0.0110101325181047,-1,0.0139680274203518,1,1.0,1.0,0.5,-0.0548
2024-05-10,TSLA,72627200,-0.026466349322657,1,0.0306847585377133,1,0.0009,0.0014,-0.0137,-0.0
2024-05-10,BRK-B,3084500,0.0053677727380525,-1,0.0077589182101366,1,0.0018,0.0019,0.4999,-0.333
2024-05-10,META,10750000,-0.0018654428675738,-1,0.0165587079107173,1,-0.0001,0.0001,-0.9991,-0.0
2024-05-10,AMZN,34141800,-0.0088814120429562,-1,0.0156481637585213,1,-0.9939,0.9997,0.8773,-0.1095
2024-05-13,AAPL,72044800,0.0045297472326988,1,0.01337365699783,1,1.0,1.0,1.0,0.5
2024-05-13,AMZN,24898600,-0.007606344020113,1,0.0156914731289475,1,-0.0005,0.0016,-0.9939,0.8773
2024-05-14,AAPL,52393600,-0.0004266536899277,1,0.0107194806917439,1,-0.0,0.0,1.0,1.0
2024-05-14,MSFT,15109300,0.0110189036114245,1,0.0144167821945383,1,-0.0,0.0,0.0007,0.0067
2024-05-15,META,13100500,0.0138111023766483,-1,0.023790449138067,1,1.0,1.0,-0.0001,-0.9991
2024-05-15,MSFT,22239500,0.0123952925375355,-1,0.015649697632065,1,0.9999,0.9999,-0.0,0.0007
2024-05-15,GOOGL,26948400,0.0110179310216547,1,0.0125417530821625,1,-0.0,0.0,-1.0,1.0
2024-05-15,AMZN,75459900,0.000107567200783,-1,0.0214551027960089,1,1.0,1.0,-0.0005,-0.9939
2024-05-16,AMZN,38834500,-0.0106142303659429,1,0.0207434844726204,1,-0.0002,0.0002,1.0,-0.0005
2024-05-16,META,16608200,-0.0037262926603617,-1,0.0104000051398027,1,-0.0,0.0,1.0,-0.0001
2024-05-17,MSFT,15352200,-0.0055143111722543,1,0.0115729032743596,1,0.0,0.0,0.9999,-0.0
2024-05-17,AMZN,33175700,0.0051153813098926,-1,0.0106116511021645,1,1.0,1.0,-0.0002,1.0
2024-05-20,MSFT,16272100,0.0122081934916602,1,0.0161347871710985,1,0.9586,0.9604,0.0,0.9999
2024-05-20,JPM,17373300,-0.043103858236226,1,0.0512745780988483,5,-0.3171,0.318,-0.0163,0.8803
2024-05-21,AMZN,50839100,0.0046625936944457,-1,0.013768483076346,2,-0.0277,0.0329,1.0,-0.0002
2024-05-21,MSFT,21453300,0.0051777570512423,1,0.0190239565462506,1,-0.0002,0.0003,0.9586,0.0
2024-05-22,BRK-B,2664400,-0.0023135846352916,-1,0.0103627381227825,1,-0.0,0.0,0.0018,0.4999
2024-05-23,AMZN,33670200,-0.0142110451829966,-1,0.0254818282830449,1,-1.0,1.0,-0.0277,1.0
2024-05-23,UNH,3055400,-0.002874653135747,-1,0.0096465502572667,1,1.0,1.0,0.9996,-0.0002
2024-05-28,JPM,6910200,-0.0018012639310125,-1,0.008756129263763,1,0.0,0.0,-0.3171,-0.0163
2024-05-28,AAPL,52280100,-0.0079368652147165,1,0.0203644405427894,1,-0.0003,0.0004,-0.0,1.0
2024-05-28,META,10175800,0.0070083237852504,-1,0.0126316445996184,1,-0.0003,0.0004,-0.0,1.0
2024-05-28,AMZN,29927000,0.0123381387821394,-1,0.0152837220693678,1,0.9976,0.9977,-1.0,-0.0277
2024-05-28,GOOGL,20572200,0.0111779706641137,-1,0.0166237271768703,2,0.002,0.0023,-0.0,-1.0
2024-05-29,UNH,7521600,-0.0154770995122605,-1,0.0419019479145753,1,-0.0022,0.0022,1.0,0.9996
2024-05-29,META,9226200,-0.0006320699200104,-1,0.0129566296908012,1,-0.0,0.0001,-0.0003,-0.0
2024-05-30,AMZN,29184700,-0.0109756233035737,-1,0.0164359151048802,3,0.3167,0.3167,0.9976,-1.0
2024-05-30,META,10719600,-0.0097950378511257,-1,0.0148833280289199,3,0.6441,0.6442,-0.0,-0.0003
2024-05-30,GOOGL,22931500,-0.0176369657061322,1,0.0195776712004373,1,-0.0,0.0,0.002,-0.0
2024-05-30,MSFT,28394500,-0.0226961457513243,1,0.0237096343342397,2,-0.0001,0.0001,-0.0002,0.9586
2024-05-31,TSLA,67314600,-0.0023529309184611,-1,0.0364145658263305,1,-0.0003,0.0003,0.0009,-0.0137
2024-05-31,AMZN,58903900,-0.0104318596663828,1,0.029949587803033,1,0.8892,0.8893,0.3167,0.9976
2024-05-31,META,16919800,0.0022112469005788,1,0.0314727437662046,2,-0.5,0.5,0.6441,-0.0
2024-05-31,MSFT,47995300,-0.0038872108390822,-1,0.0293701025419917,1,1.0,1.0,-0.0001,-0.0002
2024-06-03,BRK-B,4903000,-0.0002410424449486,-1,0.0191376079468538,2,-0.5185,0.5186,-0.0,0.0018
2024-06-03,META,11279400,0.0140806292508849,-1,0.0241261016492169,1,0.0,0.0,-0.5,0.6441
2024-06-03,AMZN,30786600,0.003601572316486,1,0.0156443377998852,1,-0.0001,0.0016,0.8892,0.3167
2024-06-04,UNH,3178400,0.0139000174697465,-1,0.0274390098338633,1,-0.0,0.0,-0.0022,1.0
2024-06-04,BRK-B,4154800,-0.0128239297238705,1,0.0227793469157456,3,-0.2211,0.2225,-0.5185,-0.0
2024-06-04,MSFT,14348900,0.008825775799722,1,0.0163906842025894,1,-0.0,0.0,1.0,-0.0001
2024-06-05,GOOGL,22068500,0.0011986684790253,1,0.0155251213931624,1,-0.0001,0.0001,-0.0,0.002
2024-06-05,BRK-B,2634400,-0.0006096074037533,1,0.0109973413764997,1,0.9997,0.9999,-0.2211,-0.5185
2024-06-06,BRK-B,3438900,0.0016080432799056,1,0.0094049637573099,1,-0.0,0.0,0.9997,-0.2211
2024-06-06,AAPL,41181800,-0.0061832832478475,1,0.0119065961571152,1,0.0002,0.0003,-0.0003,-0.0
2024-06-06,GOOGL,23251000,0.0047186006813799,-1,0.0079590332294625,1,0.0004,0.0004,-0.0001,-0.0
2024-06-06,MSFT,14861300,0.0012027528508789,-1,0.0111554229319791,1,0.0002,0.0003,-0.0,1.0
2024-06-07,META,9380700,-0.0059486846106078,1,0.0176241458527423,1,-0.0,0.0001,0.0,-0.5
2024-06-07,AMZN,28021500,-0.0032449478882214,1,0.0158463643726325,1,-0.0002,0.0008,-0.0001,0.8892
2024-06-10,AMZN,34445600,0.0162437665855495,1,0.018688554922188,1,-0.0,0.0,-0.0002,-0.0001
2024-06-11,AAPL,172373300,0.0697134026620028,1,0.0698683150309283,2,0.3896,0.6101,0.0002,-0.0003
2024-06-11,AMZN,27265100,0.000908789538993,-1,0.0172672459557599,1,0.997,0.9997,-0.0,-0.0002
2024-06-11,META,9673700,0.014615318108347,1,0.0186540647423434,1,1.0,1.0,-0.0,0.0
2024-06-11,GOOGL,21540600,0.0022698552588443,1,0.0174213599146713,1,0.9897,0.9989,0.0004,-0.0001
2024-06-12,JPM,12751300,-0.0228061286770566,1,0.0276020595005579,1,0.0002,0.0004,0.0,-0.3171
2024-06-12,META,11983200,-0.0100196385033413,-1,0.0185606893639539,1,1.0,1.0,1.0,-0.0
2024-06-12,GOOGL,27864700,-0.0025806828267443,-1,0.0241234392805487,1,0.0001,0.0001,0.9897,0.0004
2024-06-13,TSLA,118984100,-0.031424163639923,-1,0.0522851857074579,1,0.6157,0.6157,-0.0003,0.0009
2024-06-13,MSFT,15960600,0.0016558477002233,1,0.0091187920507958,1,-0.1307,0.1327,0.0002,-0.0
2024-06-13,AAPL,97862700,-0.0023283970718531,-1,0.0239824614172708,1,0.9987,0.9987,0.3896,0.0002
2024-06-13,META,9954600,-0.0031836138869435,1,0.0158193433690752,1,-0.0,0.0001,1.0,1.0
2024-06-14,TSLA,82038200,-0.0419268483152383,1,0.0488697614742519,1,1.0,1.0,0.6157,-0.0003
2024-06-14,MSFT,13582000,0.0097882827344858,1,0.0146482007976991,1,-0.0003,0.0003,-0.1307,0.0002
2024-06-14,GOOGL,18063600,0.0147514180198746,1,0.0167030400741586,1,0.0005,0.0005,0.0001,0.9897
2024-06-17,AMZN,35601900,0.0084373945325683,-1,0.0207100519987617,2,-0.0,0.0,0.997,-0.0
2024-06-17,BRK-B,3406500,0.0052816394864538,1,0.0105385744815559,1,-0.0001,0.0001,-0.0,0.9997
2024-06-17,AAPL,93728300,0.0154661064220645,-1,0.0291980872198895,1,0.99,0.9907,0.9987,0.3896
2024-06-18,BRK-B,4005300,0.0029502451309926,1,0.0079164135727181,2,-0.0,0.0002,-0.0001,-0.0
2024-06-18,AMZN,36659200,-0.0050615429779385,1,0.0155654758073791,1,0.5881,0.5963,-0.0,0.997
2024-06-18,AAPL,79943300,-0.0151661524302491,-1,0.0258743737192302,1,0.5881,0.5963,0.99,0.9987
2024-06-20,AMZN,44726800,0.0174402841700181,1,0.0207205358386746,1,-0.001,0.0015,0.5881,-0.0
2024-06-20,GOOGL,20160100,0.0053031188941349,1,0.0131150587729208,1,-0.0003,0.0003,0.0005,0.0001
2024-06-20,META,11801200,-0.0005975852449576,-1,0.0137450685539093,1,1.0,1.0,-0.0,1.0
2024-06-21,META,22359200,-0.0172212001539669,1,0.021968412534362,1,-0.004,0.0042,1.0,-0.0
2024-06-21,AMZN,70792500,0.0068157548375763,-1,0.018210852573856,1,-0.0,0.0,-0.001,0.5881
2024-06-21,MSFT,34187100,0.005364553333386,-1,0.0090973596544768,1,-1.0,1.0,-0.0003,-0.1307
2024-06-24,AMZN,50610400,-0.0198594753629755,1,0.0299477003861481,1,-0.0,0.0,-0.0,-0.001
2024-06-25,META,12063200,0.0272608764577431,1,0.0306005267651538,2,-0.0008,0.0009,-0.004,1.0
2024-06-26,AMZN,65103900,0.0357907260161621,1,0.0456880410259958,3,0.3042,0.3483,-0.0,-0.0
2024-06-27,AMZN,74397500,0.0145634156026814,-1,0.0289215914492565,3,-0.1082,0.109,0.3042,-0.0
2024-06-27,MSFT,14806300,0.0014817405426754,-1,0.0097306923909333,1,1.0,1.0,-1.0,-0.0003
2024-06-27,TSLA,72746500,0.0115284112369173,1,0.0239278486076677,1,-0.0001,0.0001,1.0,0.6157
2024-06-28,JPM,15307600,0.0112494378370831,1,0.0164991907524153,1,1.0,1.0,0.0002,0.0
2024-06-28,AMZN,76930200,-0.0226571376338481,1,0.0321145311319662,1,0.0002,0.0002,-0.1082,0.3042
2024-06-28,AAPL,82542700,-0.0238680495587808,1,0.026741456913422,2,-0.0,0.0,0.5881,0.99
2024-07-01,JPM,10205800,0.0128672878005964,1,0.0218398380780965,1,0.9994,0.9999,1.0,0.0002
2024-07-03,AMZN,31597900,-0.0117535564410344,1,0.0163549276409517,2,0.4995,0.4997,0.0002,-0.1082
2024-07-03,MSFT,9932800,0.0056308224939839,1,0.0068530175563158,1,-0.0001,0.0004,1.0,-1.0
2024-07-03,META,6005600,0.0070896703448233,1,0.0103876805820765,1,0.9988,0.9989,-0.0008,-0.004
2024-07-03,JPM,5560900,-0.0041040353033978,-1,0.0130279692033879,2,-0.0327,0.0327,0.9994,1.0
2024-07-03,GOOGL,10242100,0.0052475044018116,1,0.0113064445165356,2,-0.0005,0.9994,-0.0003,0.0005
2024-07-03,TSLA,166561500,0.0504348650843565,1,0.060112577806424,1,1.0,1.0,-0.0001,1.0
2024-07-05,AMZN,39858900,0.0067959030706998,-1,0.0119808958265194,1,0.0024,0.0027,0.4995,0.0002
2024-07-05,TSLA,154501200,0.006845229296582,1,0.0396701032791767,1,0.2579,0.2803,1.0,-0.0001
2024-07-05,META,21354100,0.0553361350728512,-1,0.0572126439884159,1,-0.0,0.0001,0.9988,-0.0008
2024-07-05,GOOGL,20967500,0.0255030962961271,-1,0.0272247796297054,1,0.9959,0.9963,-0.0005,-0.0003
2024-07-08,MSFT,12962300,-0.0006644466117342,-1,0.0069446379524736,1,0.9999,0.9999,-0.0001,1.0
2024-07-08,META,14917500,-0.0240250186194654,1,0.0297962088540201,1,1.0,1.0,-0.0,0.9988
2024-07-10,AMZN,32883800,-0.0010500335693359,-1,0.0120999908447267,1,0.0,0.0003,0.0024,0.4995
2024-07-10,META,10983300,0.0073475848744482,-1,0.0198195519258806,1,0.0005,0.0005,1.0,-0.0
2024-07-10,UNH,3189800,0.0203486987914929,1,0.023180031829186,1,-0.0,0.0,-0.0,-0.0022
2024-07-10,MSFT,18196100,0.0109058557000652,-1,0.0164780497016625,1,-0.0001,0.0002,0.9999,-0.0001
2024-07-10,TSLA,128519400,0.0017504642086157,-1,0.0370243966449242,1,-0.0001,0.0001,0.2579,1.0
2024-07-11,JPM,10658100,0.0060132398719891,-1,0.0131904424234723,1,0.9999,0.9999,-0.0327,0.9994
2024-07-12,META,19750500,0.0022299608843328,-1,0.027844714480154,1,-0.0,0.0,0.0005,1.0
2024-07-12,AAPL,53046500,0.0070766867470964,1,0.0172986490719113,1,0.0029,0.0038,-0.0,0.5881
2024-07-12,JPM,15443400,0.0046078551049326,1,0.026225445317287,1,1.0,1.0,0.9999,-0.0327
2024-07-15,META,12539200,-0.0049535751890494,-1,0.0266931340437923,1,-0.0001,0.0001,-0.0,0.0005
2024-07-15,AAPL,62631300,-0.0087956777259552,1,0.0175067636351719,1,0.7539,0.7545,0.0029,-0.0
2024-07-15,GOOGL,16474000,0.0087064710485268,-1,0.0179537494975831,1,0.7539,0.7545,0.9959,-0.0005
2024-07-15,MSFT,14429400,0.0014559975289715,-1,0.0128612778443455,1,0.7539,0.7545,-0.0001,0.9999
2024-07-16,AAPL,43234300,-0.0007659262799202,-1,0.0167659678357711,1,-0.0003,0.0006,0.7539,0.0029
2024-07-16,AMZN,33994700,-0.0131396907487533,-1,0.0223937302828963,2,-0.0,0.0,0.0,0.0024
2024-07-16,JPM,11557000,0.017238071986607,1,0.0269523983909971,1,1.0,1.0,1.0,0.9999
2024-07-16,UNH,11062000,0.028038902450986,1,0.0426858531283173,1,-0.1056,0.5746,-0.0,-0.0
2024-07-16,GOOGL,18290700,-0.0183603887179759,-1,0.028341148277624,1,-0.0,0.0,0.7539,0.9959
2024-07-17,AMZN,48076100,-0.0178730771813209,-1,0.0292134630759643,2,0.5,0.5,-0.0,0.0
2024-07-17,JPM,11572500,0.0143591769018192,-1,0.0200654500696816,1,-0.0,0.0,1.0,1.0
2024-07-17,UNH,10330800,0.0348014969257671,-1,0.0402707537158731,1,0.1635,0.5563,-0.1056,-0.0
2024-07-17,GOOGL,20734100,-0.0106574680834703,-1,0.0199486753616551,1,-0.0,0.0,-0.0,0.7539
2024-07-18,META,19267200,0.0017894865337171,1,0.0309473298725329,1,0.0,0.0001,-0.0001,-0.0
2024-07-18,GOOGL,25315700,-0.0233056142751081,-1,0.0331446106857323,3,0.0002,0.0002,-0.0,-0.0
2024-07-19,AMZN,43081800,0.0109860080593429,-1,0.0266092087980051,1,0.9274,0.9275,0.5,-0.0
2024-07-19,GOOGL,18881900,-0.0068202213070285,1,0.0176654087492365,1,-0.0001,0.0001,0.0002,-0.0
2024-07-19,JPM,8095900,-0.0067234762758699,1,0.0162405681066886,1,-0.0,0.0,-0.0,1.0
2024-07-19,TSLA,87403900,-0.034666437590849,1,0.0508898702611864,1,0.0,0.0,-0.0001,0.2579
2024-07-19,UNH,4290400,-0.0031562597735138,-1,0.0147412301782645,1,0.062,0.0624,0.1635,-0.1056
2024-07-19,BRK-B,4158800,-0.0185239839119346,1,0.021347688803854,1,-0.0,0.0,-0.0,-0.0001
2024-07-22,BRK-B,2995700,0.0021377386954483,-1,0.0137685102918001,1,0.9774,0.9984,-0.0,-0.0
2024-07-22,JPM,7663200,-0.0008553070836639,1,0.0116886409607626,1,-0.366,0.366,-0.0,-0.0
2024-07-22,GOOGL,24100300,0.0059804078462573,1,0.013677397811569,1,0.997,0.997,-0.0001,0.0002
2024-07-22,UNH,3377300,-0.0080276327041777,-1,0.012734185357611,1,1.0,1.0,0.062,0.1635
2024-07-23,AMZN,47537700,0.0125475148398142,-1,0.0316675808678497,1,1.0,1.0,0.9274,0.5
2024-07-23,GOOGL,36352700,-0.0014282326902849,-1,0.0113705426504728,1,-0.9422,0.9999,0.997,-0.0001
2024-07-23,TSLA,111928200,-0.0284700356740371,-1,0.0399447530765774,1,-1.0,1.0,0.0,-0.0001
2024-07-24,AMZN,41532400,-0.0129366547853004,-1,0.0275108808410992,1,-0.0,0.0,1.0,0.9274
2024-07-24,GOOGL,49585200,-0.0055875644389363,-1,0.0251727820480703,1,0.9999,1.0,-0.9422,0.997
2024-07-25,GOOGL,44852000,-0.030373321141869,-1,0.0361117294994963,1,0.0001,0.0001,0.9999,-0.9422
2024-07-25,BRK-B,3334300,0.0039156682518695,1,0.0186051868993045,1,-0.0003,0.0003,0.9774,-0.0
2024-07-26,GOOGL,41336900,-0.0008973610646809,1,0.0241100743431234,1,0.0068,0.0068,0.0001,0.9999
2024-07-26,BRK-B,2717600,0.0045907358563747,1,0.0112472888383041,2,-0.0,0.0,-0.0003,0.9774
2024-07-29,AMZN,33270100,-0.0034812848259208,-1,0.0128916186052981,1,0.01,0.0376,-0.0,1.0
2024-07-29,JPM,6533600,-0.0084645560528205,1,0.0143898313962958,1,-0.0001,0.0002,-0.366,-0.0
2024-07-29,META,11339600,-0.0088746347671771,-1,0.0190261393302654,1,0.01,0.0376,0.0,-0.0001
2024-07-30,MSFT,32687600,-0.0112222663875192,-1,0.0273309698121277,1,0.8489,0.9991,0.7539,-0.0001
2024-07-30,BRK-B,3736400,0.0039817068123959,-1,0.0108074899193604,1,-0.0,0.0,-0.0,-0.0003
2024-07-30,META,11390400,-0.0081584530162607,1,0.03432547918479,1,0.9915,0.9916,0.01,0.0
2024-07-31,META,24285800,0.0080888235052869,1,0.020699758454873,1,1.0,1.0,0.9915,0.01
2024-08-01,AAPL,62501000,-0.0267860883256557,1,0.0332486144200422,1,1.0,1.0,-0.0003,0.7539
2024-08-01,META,43083100,-0.0446449323716411,-1,0.0673128153678322,4,0.0007,0.4999,1.0,0.9915
2024-08-01,AMZN,70435600,-0.0275766609279946,-1,0.0461197701725928,1,-1.0,1.0,0.01,-0.0
2024-08-02,AMZN,141448400,0.0068965151213455,-1,0.0492953596443965,5,-0.6197,0.6199,-1.0,0.01
2024-08-02,BRK-B,4251500,-0.0032808332320861,-1,0.0296903229443949,4,0.0582,0.0608,-0.0,-0.0
2024-08-02,TSLA,82880100,-0.0335536418002189,-1,0.0481664457759116,2,-0.5,0.5,-1.0,0.0
2024-08-02,MSFT,29437900,-0.0096972050103015,-1,0.02584306023051,1,-0.9999,1.0,0.8489,0.7539
2024-08-05,JPM,13927000,0.0043802671031129,1,0.027157970572437,1,-0.0,0.0,-0.0001,-0.366
2024-08-05,AAPL,119548600,0.0511326943684957,-1,0.0878999463654587,1,0.0068,0.0081,1.0,-0.0003
2024-08-05,GOOGL,53630700,0.0241157556270096,-1,0.0610932475884246,2,-0.5319,0.5471,0.0068,0.0001
2024-08-05,META,21396200,0.0540157406738154,1,0.07240505760814,1,0.7292,0.7307,0.0007,1.0
2024-08-05,MSFT,40709200,0.0153659846915734,1,0.0397256248920292,1,0.6519,0.6519,-0.9999,0.8489
2024-08-06,AMZN,59950800,0.0013603732161319,1,0.0404428190797981,2,-0.3008,0.3022,-0.6197,-1.0
2024-08-06,BRK-B,5138700,0.0137605027159185,1,0.0296822488481613,1,0.0143,0.0214,0.0582,-0.0
2024-08-06,AAPL,69660500,0.0094008409502783,1,0.0434486022228479,2,-0.0061,0.0063,0.0068,1.0
2024-08-08,AMZN,44616200,0.0038142815874351,1,0.0250650810410121,1,-0.0028,0.0289,-0.3008,-0.6197
2024-08-08,GOOGL,25578800,0.0094698419069238,1,0.0216808662802043,1,-0.0028,0.0289,-0.5319,0.0068
2024-08-08,JPM,7761200,0.0078529971270037,1,0.0154097414785688,2,-0.3837,0.3838,-0.0,-0.0001
2024-08-08,BRK-B,3150000,0.0053583504866147,1,0.0108564061320682,1,-0.0,0.0,0.0143,0.0582
2024-08-08,MSFT,20203000,0.0006212106114783,1,0.0147102248142395,1,-0.0,0.0,0.6519,-0.9999
2024-08-09,MSFT,19276700,0.0049253526727901,1,0.0143305646730121,1,-0.0,0.0,-0.0,0.6519
2024-08-13,AMZN,39237900,0.0144210607481853,-1,0.0234788584705239,1,-0.0,0.0,-0.0028,-0.3008
2024-08-14,TSLA,70250000,-0.02897919149681,1,0.0467235762087085,2,0.5022,0.5025,-0.5,-1.0
2024-08-15,MSFT,20752100,0.0029299929063711,-1,0.0082181557641076,1,0.7329,0.7395,-0.0,-0.0
2024-08-15,GOOGL,31524300,0.0049844426900798,1,0.0126479674722547,2,0.4992,0.4993,-0.0028,-0.5319
2024-08-16,GOOGL,24208600,0.0092277542695219,1,0.024338840936835,2,-0.4959,0.4961,0.4992,-0.0028
2024-08-19,MSFT,15234000,0.0061342547656947,1,0.0126265243765863,1,1.0,1.0,0.7329,-0.0
2024-08-19,TSLA,76435200,0.0260284410828137,-1,0.040954526602886,1,1.0,1.0,0.5022,-0.5
2024-08-20,AMZN,26255200,0.0053957212440818,1,0.0088804060662949,1,0.9909,0.9925,-0.0,-0.0028
2024-08-20,BRK-B,2906500,-0.0020921488247166,-1,0.0091698091010987,1,-0.0,0.0,-0.0,0.0143
2024-08-21,MSFT,16067300,0.0001415489484826,-1,0.0110356367288361,1,-0.0003,0.0003,1.0,0.7329
2024-08-21,GOOGL,22902000,0.0042386450675258,-1,0.0132001696345005,1,-0.0001,0.0001,-0.4959,0.4992
2024-08-21,BRK-B,3028500,-0.0072025392600735,1,0.0165392195046565,1,-0.0002,0.0002,-0.0,-0.0
2024-08-22,GOOGL,22493300,-0.0206863061623304,1,0.0255888970456825,2,0.4938,0.5064,-0.0001,-0.4959
2024-08-22,JPM,5247100,0.0095535606033401,1,0.011464286946013,1,1.0,1.0,-0.3837,-0.0
2024-08-22,AMZN,32047500,-0.0289447560848394,1,0.0319219781070285,1,0.9746,0.9747,0.9909,-0.0
2024-08-22,META,15708300,-0.0094413544212638,-1,0.0291246808440991,1,0.778,0.8031,0.7292,0.0007
2024-08-23,AAPL,38677300,0.0052290731925544,1,0.0172383201565178,1,-0.0374,0.0427,-0.0061,0.0068
2024-08-27,UNH,1581900,-0.0035964429445977,1,0.0145215159109519,1,0.6199,0.6235,1.0,0.062
2024-08-27,JPM,5185200,0.0030522444795762,1,0.0056033700438217,1,-0.003,0.0038,1.0,-0.3837
2024-08-27,BRK-B,3764700,0.0102864464979884,1,0.0164056914205271,1,-0.0,0.0,-0.0002,-0.0
2024-08-28,AMZN,29045000,-0.0166388355635113,1,0.0274627451517831,1,0.0012,0.0021,0.9746,0.9909
2024-08-28,BRK-B,4838100,0.0074158831029289,1,0.0126200905409274,1,-0.0,0.0,-0.0,-0.0002
2024-08-29,JPM,6416100,0.0002701454829243,1,0.0181858806983149,1,1.0,1.0,-0.003,1.0
2024-08-30,BRK-B,7465800,0.011476716271677,1,0.0147709180679024,1,-0.0,0.0,-0.0,-0.0
2024-08-30,GOOGL,22123800,0.0046735320898104,-1,0.0121141389733994,1,0.002,0.0038,0.4938,-0.0001
2024-08-30,AAPL,52990800,-0.0051696530204831,-1,0.0126851650287834,1,-0.0001,0.0001,-0.0374,-0.0061
2024-08-30,AMZN,43429400,0.0331056908271521,-1,0.0364624831431798,2,0.1968,0.2102,0.0012,0.9746
2024-09-03,AMZN,37817500,-0.0073218982225466,-1,0.0168966485408928,1,0.1329,0.1351,0.1968,0.0012
2024-09-04,AAPL,43840200,-0.0036542341658916,1,0.0193990931188133,1,-0.0,0.0,-0.0001,-0.0374
2024-09-04,AMZN,30309200,-0.0065909784768688,1,0.0197157412061037,3,0.0001,0.0001,0.1329,0.1968
2024-09-05,META,8640900,0.0100445245810169,-1,0.0204799713931995,1,0.0023,0.0025,0.778,0.7292
2024-09-05,TSLA,119355000,0.0298894470069963,-1,0.0570495310153365,1,1.0,1.0,1.0,0.5022
2024-09-09,AMZN,29037400,0.0049847884218899,1,0.0134075036557971,1,0.015,0.0174,0.0001,0.1329
2024-09-09,AAPL,67180000,0.0004075551802626,-1,0.0206502916735191,1,0.015,0.0174,-0.0,-0.0001
2024-09-10,AMZN,36233800,0.0116062735637984,1,0.0209026232410031,2,0.7254,0.727,0.015,0.0001
2024-09-10,AAPL,51591000,0.0054357868233119,1,0.0216974238979041,1,-0.0004,0.0004,0.015,-0.0
2024-09-10,JPM,28406900,-0.0596523704521166,1,0.0824794065685387,4,-0.7499,0.7499,1.0,-0.003
2024-09-11,AMZN,42564700,0.0245419101563208,1,0.0514159325475129,2,0.4985,0.5015,0.7254,0.015
2024-09-11,GOOGL,29607700,0.0082711146498726,1,0.0265474638216977,1,1.0,1.0,0.002,0.4938
2024-09-12,BRK-B,3848700,-0.0087283467871499,-1,0.0125978608575826,1,-0.0016,0.0016,-0.0,-0.0
2024-09-13,TSLA,59515100,0.0100438302023368,-1,0.0278508370382743,1,-0.0,0.0,1.0,1.0
2024-09-13,JPM,10226700,-0.0122788034353593,1,0.0233491337948539,1,-0.0063,0.0066,-0.7499,1.0
2024-09-13,MSFT,15874600,0.0111781929777676,1,0.0149590102107721,1,0.0,0.0,-0.0003,1.0
2024-09-13,AAPL,36766600,-0.004830493882323,-1,0.0095267448187649,2,-0.0,0.0001,-0.0004,0.015
2024-09-13,GOOGL,29591200,0.0130606326561465,1,0.0203950223143724,1,0.7999,0.8196,1.0,0.002
2024-09-13,BRK-B,3882600,-0.0087913577633002,1,0.0115594166613223,2,-0.0,0.0,-0.0016,-0.0
2024-09-16,AMZN,26065500,-0.0021587452694581,1,0.0132225000648509,2,-0.0245,0.0727,0.4985,0.7254
2024-09-16,AAPL,59357400,-0.001015913774521,1,0.0152396931471095,1,-0.8818,0.8818,-0.0,-0.0004
2024-09-16,BRK-B,3264400,0.0066399533586948,1,0.0103609492490214,1,-0.0002,0.0002,-0.0,-0.0016
2024-09-17,AMZN,26091700,0.0001605500578911,-1,0.017714730802631,1,0.9986,0.9986,-0.0245,0.4985
2024-09-17,META,11690800,-0.0023808934520946,1,0.0214471145560453,1,0.0007,0.0007,0.0023,0.778
2024-09-18,TSLA,78010200,-0.0125603000375749,1,0.0382458513322145,1,-0.0056,0.0175,-0.0,1.0
2024-09-18,AAPL,59894900,0.0144334605635532,1,0.0237647131933358,1,-0.0,0.0,-0.8818,-0.0
2024-09-18,MSFT,18898000,-0.009632189520474,1,0.0129195290050287,2,-0.0004,0.0004,0.0,-0.0003
2024-09-18,META,10323500,0.0016385291876507,1,0.0191781102137599,1,-0.0125,0.0201,0.0007,0.0023
2024-09-19,AMZN,39543200,-0.0008945389126032,1,0.0132603891890626,2,0.597,0.9461,0.9986,-0.0245
2024-09-19,JPM,11635200,0.0033368145310108,1,0.0217847618972803,1,-0.0,0.0,-0.0063,-0.7499
2024-09-20,MSFT,55167100,-0.0044600251625883,-1,0.011481608800275,2,0.5,0.5001,-0.0004,0.0
2024-09-24,JPM,7323200,0.0020838382861708,-1,0.0122188108246855,1,1.0,1.0,-0.0,-0.0063
2024-09-24,AMZN,43478900,-0.0015957046984926,-1,0.0269727189948788,1,1.0,1.0,0.597,0.9986
2024-09-24,META,12993000,-0.0059115826025891,1,0.0239288447339836,1,0.2944,0.2945,-0.0125,0.0007
2024-09-25,META,16543400,0.0075525394163975,-1,0.0233313260606218,2,-0.002,0.0021,0.2944,-0.0125
2024-09-25,JPM,8976500,-0.0070388807914271,-1,0.017148549737397,1,-0.0,0.0,1.0,-0.0
2024-09-25,GOOGL,18869200,0.0001238884765572,1,0.0093515482468599,1,0.0002,0.0003,0.7999,1.0
2024-09-26,AAPL,36636700,0.0009678892113918,1,0.0135943523818917,1,-0.0,0.0,-0.0,-0.8818
2024-09-26,AMZN,36334900,-0.0162111776854636,-1,0.0256806420454991,2,0.5,0.5,1.0,0.597
2024-09-26,GOOGL,20319300,-0.005561009933412,1,0.0109997742512316,1,-0.0009,0.0009,0.0002,0.7999
2024-09-26,META,14400800,-0.0137042604709544,-1,0.0261408113850028,1,-0.0,0.0,-0.002,0.2944
2024-09-27,AMZN,36002300,-0.0142122485796714,-1,0.0186700109887612,1,0.9999,0.9999,0.5,1.0
2024-09-30,META,12792300,0.0083494629777221,1,0.0174035664441897,1,0.6595,0.6597,-0.0,-0.002
2024-09-30,JPM,8663800,0.022054205349237,-1,0.0276283858004136,1,-0.0039,0.0042,-0.0,1.0
2024-10-01,MSFT,19092900,-0.0181118206197536,-1,0.0225697587868472,1,-0.999,0.9999,0.5,-0.0004
2024-10-01,JPM,8540100,-0.0089037848956245,1,0.0138822114945652,1,1.0,1.0,-0.0039,-0.0
2024-10-01,AAPL,63285000,-0.0144213902796222,1,0.0257493390262602,1,-0.0003,0.0003,-0.0,-0.0
2024-10-02,AMZN,23704100,0.0017349385230643,-1,0.0138799218363492,1,0.7979,0.7981,0.9999,0.5
2024-10-02,TSLA,93983900,0.0059381991621134,-1,0.0390224340255396,1,-1.0,1.0,-0.0056,-0.0
2024-10-03,JPM,7251300,-0.0045593561126966,1,0.0104283318347399,1,0.9995,0.9996,1.0,-0.0039
2024-10-03,AMZN,30204300,-0.0059546370921524,1,0.013985236361181,2,0.4947,0.4948,0.7979,0.9999
2024-10-03,META,11581000,0.0221345164900359,1,0.0256599215230195,3,0.1008,0.104,0.6595,-0.0
2024-10-04,META,14169500,0.020917243213808,-1,0.026416294221814,2,0.4993,0.4993,0.1008,0.6595
2024-10-04,AMZN,40890300,0.0040914912884841,-1,0.0215343203230148,1,0.9761,0.978,0.4947,0.7979
2024-10-07,MSFT,20919800,-0.0155288256131685,1,0.0194951570951021,1,1.0,1.0,-0.999,0.5
2024-10-07,JPM,6718900,-0.0004738952001805,-1,0.0172487296152396,1,0.0,0.0,0.9995,1.0
2024-10-07,GOOGL,22463100,-0.028261420573964,1,0.0341640572730436,1,1.0,1.0,-0.0009,0.0002
2024-10-08,META,7857400,0.0054266007457863,-1,0.0128712150859685,2,0.4438,0.5011,0.4993,0.1008
2024-10-08,TSLA,56303200,0.0038594286862731,-1,0.0231976072093457,1,-0.0,0.0,-1.0,-0.0056
2024-10-08,MSFT,19229300,0.0092723232299525,1,0.0182282558910475,2,-1.0,1.0,1.0,-0.999
2024-10-08,AAPL,31855700,0.0065537280459328,1,0.0121711800730967,1,-0.0117,0.0119,-0.0003,-0.0
2024-10-09,MSFT,14974300,0.0038474634729835,-1,0.0146203465204852,1,0.1007,0.1105,-1.0,1.0
2024-10-09,AMZN,26343100,0.0128541229109515,1,0.0207854879089832,1,0.1007,0.1105,0.9761,0.4947
2024-10-10,BRK-B,2375800,-0.0056175023480191,1,0.0104699640326161,1,0.014,0.0175,-0.0002,-0.0
2024-10-10,META,7740400,-0.0063651823404104,1,0.01312177415694,1,0.9997,0.9997,0.4438,0.4993
2024-10-10,MSFT,13848400,0.0014690300205264,1,0.0101149052233835,1,0.094,0.0945,0.1007,-1.0
2024-10-11,TSLA,142628900,-0.0105846626056047,1,0.0407031811035849,1,-1.0,1.0,-0.0,-1.0
2024-10-11,JPM,18320700,0.0306950209736715,-1,0.0439096828539164,2,1.0,1.0,0.0,0.9995
2024-10-11,BRK-B,3242000,0.0094538223652013,-1,0.0165606896504175,1,-0.0,0.0,0.014,-0.0002
2024-10-11,UNH,1909700,0.00261529545195,1,0.0089188543166137,1,-0.002,0.0023,0.6199,1.0
2024-10-14,GOOGL,19016100,0.0080665321995976,1,0.0172940713860312,1,1.0,1.0,1.0,-0.0009
2024-10-14,MSFT,16653100,0.0032793778174448,-1,0.0156067206901177,1,0.0,0.0,0.094,0.1007
2024-10-14,BRK-B,2969800,-0.0041998666111265,1,0.0084430069776453,1,0.9695,0.9703,-0.0,0.014
2024-10-15,UNH,11939400,0.0077351515253371,1,0.0483678331624706,2,-1.0,1.0,-0.002,0.6199
2024-10-16,JPM,6382500,0.0058921312814505,1,0.0118742381500743,1,-0.9998,0.9999,1.0,0.0
2024-10-16,AMZN,23456800,-0.0008554058246398,1,0.0116011661777136,3,0.1993,0.2013,0.1007,0.9761
2024-10-17,AMZN,25039400,-0.0036659358034811,1,0.0156200319962747,1,-0.0,0.0,0.1993,0.1007
2024-10-17,MSFT,14820000,-0.0133535001573711,1,0.016360460038272,1,0.1504,0.1599,0.0,0.094
2024-10-18,AMZN,37417700,0.0098317480987866,1,0.0238311881342305,2,-0.0001,0.0001,-0.0,0.1993
2024-10-18,META,7694300,-0.0079676563024184,-1,0.0150059732739318,1,0.0,0.0001,0.9997,0.4438
2024-10-18,JPM,7000500,0.0016444227430555,-1,0.0125332980685761,1,-0.0016,0.0046,-0.9998,1.0
2024-10-21,BRK-B,3131500,-0.0007964934840802,-1,0.0088476866508965,1,-0.0012,0.0013,0.9695,-0.0
2024-10-21,JPM,5870000,-0.0098570340496874,1,0.012432301911827,1,-0.9992,1.0,-0.0016,-0.9998
2024-10-21,AAPL,36254500,0.0086585574993418,-1,0.010236763431493,1,0.0859,0.0958,-0.0117,-0.0003
2024-10-21,MSFT,14206100,0.0063923956871149,1,0.0125204064121237,1,-0.0,0.0,0.1504,0.0
2024-10-22,AMZN,29650600,0.0071674584602063,-1,0.024104106173624,2,0.4942,0.4945,-0.0001,-0.0
2024-10-22,META,8544500,0.0134427415306795,-1,0.0198680712118299,1,-0.0,0.0,0.0,0.9997
2024-10-23,TSLA,80938900,-0.0160273150097625,1,0.0304425941219824,2,0.5,0.5,-1.0,-0.0
2024-10-23,GOOGL,18280500,-0.0120174544401123,-1,0.0236101892336255,1,1.0,1.0,1.0,1.0
2024-10-23,BRK-B,3655200,0.0009996554627394,-1,0.0098011731510303,1,0.0,0.0003,-0.0012,0.9695
2024-10-23,META,14248400,-0.0280703641293388,1,0.0387951120516156,1,1.0,1.0,-0.0,0.0
2024-10-23,AMZN,31937100,-0.0219221565043484,1,0.0289647923956369,1,-0.0001,0.0001,0.4942,-0.0001
2024-10-24,TSLA,204491900,0.0645742144167996,1,0.0795733276259422,2,-0.5,0.5,0.5,-1.0
2024-10-24,GOOGL,22412500,-0.0006755549291566,1,0.014248033520419,1,-0.9772,0.9955,1.0,1.0
2024-10-25,GOOGL,19828900,0.0097758057152541,1,0.0132583747371059,1,0.0,0.0,-0.9772,1.0
2024-10-28,TSLA,107653600,-0.0277407045717592,-1,0.0418519196686921,1,-0.0,0.0,-0.5,0.5
2024-10-28,AMZN,27930800,-0.0062246552143249,1,0.010550192133397,1,1.0,1.0,-0.0001,0.4942
2024-10-29,GOOGL,42169000,0.0116258093239909,1,0.0196149086551349,2,0.9957,0.9993,0.0,-0.9772
2024-10-29,AAPL,35417200,0.0024452683419346,-1,0.0086228848314288,1,-0.0,0.0,0.0859,-0.0117
2024-10-30,META,26864900,-0.0152750390597388,-1,0.0196678886291677,5,0.1977,0.6381,1.0,-0.0
2024-10-30,AMZN,37707600,-0.0101181368853684,-1,0.0163841935870922,1,-0.0001,0.0001,1.0,-0.0001
2024-10-30,MSFT,29749100,-0.0112244047977003,-1,0.0146305638733658,2,-1.0,1.0,-0.0,0.1504
2024-10-31,AMZN,75146800,-0.0215736744992876,1,0.0281875519963015,3,1.0,1.0,-0.0001,1.0
2024-10-31,GOOGL,44769000,-0.0116675574163371,1,0.0336163990069669,1,-0.7722,0.7722,0.9957,0.0
2024-10-31,META,26838400,-0.0297777485643697,-1,0.0459658370058761,3,-0.3234,0.3761,0.1977,1.0
2024-10-31,MSFT,53971000,-0.0216919769977861,1,0.0237384828025623,1,-0.9931,0.9932,-1.0,-0.0
2024-10-31,AAPL,64370100,-0.014955928885286,-1,0.0194471386809312,1,1.0,1.0,-0.0,0.0859
2024-11-01,AMZN,99687800,-0.0053769212272299,-1,0.0174874157162768,2,0.8269,0.8271,1.0,-0.0001
2024-11-01,JPM,6923500,-0.0027732828947853,-1,0.0154320852832264,1,0.009,0.1446,-0.9992,-0.0016
2024-11-01,AAPL,65276700,0.0087794833266466,-1,0.0229895542516686,2,-0.0,0.0,1.0,-0.0
2024-11-04,META,12064600,-0.0060627247973267,1,0.0191455207594198,1,1.0,1.0,-0.3234,0.1977
2024-11-04,BRK-B,5733200,-0.0179407746072497,1,0.0284211169689853,1,-0.0,0.0,0.0,-0.0012
2024-11-04,AMZN,38492100,-0.0034105277645885,1,0.0153728904015032,1,-0.0736,0.074,0.8269,1.0
2024-11-05,UNH,2608100,0.0156731381042238,1,0.0256859731098978,1,-0.0033,0.0034,-1.0,-0.002
2024-11-05,META,9775400,0.0090428432808016,-1,0.0120042265205882,1,0.9996,0.9997,1.0,-0.3234
2024-11-05,GOOGL,18242100,0.0018297398972095,1,0.0099746356280627,2,0.0002,0.9999,-0.7722,0.9957
2024-11-06,UNH,6591300,-0.0119390986606629,1,0.0242590227219758,1,0.0001,0.0001,-0.0033,-1.0
2024-11-06,AAPL,54561100,0.0004941404701045,1,0.021921768426542,1,0.0322,0.0339,-0.0,1.0
2024-11-06,MSFT,26681800,0.0188157194010824,1,0.0240774522817845,1,0.4806,0.4812,-0.9931,-1.0
2024-11-06,AMZN,72292200,0.0353982402155043,1,0.0420479170695739,2,0.3425,0.6675,-0.0736,0.8269
2024-11-07,AAPL,42137700,0.0126874895729685,-1,0.0147353313744552,1,-0.0,0.0,0.0322,-0.0
2024-11-07,JPM,16451100,-0.033210613976227,1,0.03824133375671,1,-0.9999,1.0,0.009,-0.9992
2024-11-07,AMZN,52878400,0.0125819542018603,-1,0.0243925833929885,1,0.0053,0.0055,0.3425,-0.0736
2024-11-07,MSFT,19901800,0.0098509160380493,-1,0.0165448187450138,2,0.0372,0.0408,0.4806,-0.9931
2024-11-11,TSLA,210521600,0.0106844133336881,-1,0.0653768854937776,1,-0.0,0.0,-0.0,-0.5
2024-11-11,META,10209100,-0.0054403481156607,1,0.0178900172188345,1,-0.0071,0.0071,0.9996,1.0
2024-11-12,META,16287700,-0.0063206763210777,-1,0.0327589781179197,1,-0.0,0.0,-0.0071,0.9996
2024-11-12,AMZN,38942900,0.0025915849574127,1,0.016941012919406,1,-0.0,0.0,0.0053,0.3425
2024-11-12,UNH,2809400,-0.0079247781468967,-1,0.0172696841033261,1,-0.7471,0.7476,0.0001,-0.0033
2024-11-13,BRK-B,2861700,0.0036234266592415,-1,0.0094337468363391,1,-0.1901,0.2196,-0.0,0.0
2024-11-13,JPM,11472600,0.0024108480615192,1,0.0157120240690301,1,0.8356,0.9994,-0.9999,0.009
2024-11-14,AMZN,42620300,-0.0125140450538966,-1,0.0234403666783279,5,-0.5379,0.5421,-0.0,0.0053
2024-11-14,MSFT,30246900,0.0044470932904412,-1,0.0192235610064337,1,-0.3376,0.3401,0.0372,0.4806
2024-11-14,META,11053700,0.0002772498172117,-1,0.013431542461005,1,-0.0,0.0,-0.0,-0.0071
2024-11-14,GOOGL,31007500,-0.015144699162718,-1,0.0252411938008304,1,-0.0001,0.0001,0.0002,-0.7722
2024-11-15,META,17712900,-0.0300058725050935,1,0.0368859780905126,1,1.0,1.0,-0.0,-0.0
2024-11-15,GOOGL,32504600,-0.0071374561956456,1,0.0168076799675097,1,0.0,0.0,-0.0001,0.0002
2024-11-15,AMZN,86591100,-0.0200715515899627,-1,0.0373863219815644,2,-0.0,0.0,-0.5379,-0.0
2024-11-18,AMZN,36409900,-0.0120009650819998,1,0.0182219021891784,1,-0.0009,0.001,-0.0,-0.5379
2024-11-18,AAPL,44633700,0.0122974662484391,1,0.0202886007734463,1,0.302,0.3055,-0.0,0.0322
2024-11-18,JPM,9051400,-0.0110187108010438,-1,0.0211898616257642,1,1.0,1.0,0.8356,-0.9999
2024-11-18,BRK-B,3357100,0.0025903460704164,-1,0.0091511910816465,3,0.1006,0.1019,-0.1901,-0.0
2024-11-18,TSLA,126085600,-0.0058404622069905,1,0.0544125185030668,1,-0.0016,0.0019,-0.0,-0.0
2024-11-20,TSLA,66340700,-0.0086086991904438,-1,0.0356522269870923,1,-0.0011,0.0013,-0.0016,-0.0
2024-11-20,META,9797300,0.0046009750575868,-1,0.0215834358392482,1,0.0001,0.0001,1.0,-0.0
2024-11-21,AAPL,42108300,-0.0015728792497006,1,0.0194424888732444,1,-0.0,0.0,0.302,-0.0
2024-11-21,GOOGL,59734400,-0.0360551422296434,-1,0.0599770460071372,3,-0.6131,0.6262,0.0,-0.0001
2024-11-22,GOOGL,38604600,-0.0065722734794435,1,0.0154357113245143,2,-0.0,0.9999,-0.6131,0.0
2024-11-22,MSFT,24814600,0.0136859881606307,1,0.0154119075604542,1,-0.0,0.0,-0.3376,0.0372
2024-11-25,AMZN,40685700,0.0108891920023975,1,0.0148032766274216,1,-0.0,0.0,-0.0009,-0.0
2024-11-25,GOOGL,33135300,0.0093924835510268,1,0.0181829390032444,1,0.5205,0.5328,-0.0,-0.6131
2024-11-27,GOOGL,19266500,0.001360921464728,-1,0.00863900269277,1,-0.3154,0.3238,0.5205,-0.0
2024-11-27,BRK-B,5359300,0.0043242964080366,-1,0.0224532605208874,1,-0.9711,0.9996,0.1006,-0.1901
2024-11-29,AMZN,24892400,0.0100082472927566,1,0.0175387483760245,1,-0.0,0.0,-0.0,-0.0009
2024-12-02,JPM,8899700,-0.0132238149124501,-1,0.0209176564090062,2,0.004,0.0081,1.0,0.8356
2024-12-02,BRK-B,5031500,-0.0154084187475127,-1,0.0213283758214661,1,-0.0,0.0,-0.9711,0.1006
2024-12-02,AAPL,48137100,0.0097778565501503,1,0.0152989824194338,1,-0.0012,0.0012,-0.0,0.302
2024-12-03,AMZN,32214800,0.0148828154588345,1,0.0207788998464468,1,-0.8931,0.8934,-0.0,-0.0
2024-12-03,TSLA,58267200,-0.00108008635139,1,0.0212904789490294,1,1.0,1.0,-0.0011,-0.0016
2024-12-03,META,14907200,0.0313445788471638,1,0.0385714490874475,1,1.0,1.0,0.0001,1.0
2024-12-04,AMZN,48745700,0.0101870572321153,1,0.0196795696789867,3,0.0431,0.6684,-0.8931,-0.0
2024-12-04,META,14697000,0.001337782717998,-1,0.0206865917129961,1,0.0007,0.0007,1.0,0.0001
2024-12-04,UNH,4147600,-0.000376487670703,-1,0.025956672252549,2,-0.0509,0.0509,-0.7471,0.0001
2024-12-05,AMZN,41140200,0.0115580621316786,1,0.0222446033659617,1,-0.0,0.0002,0.0431,-0.8931
2024-12-05,AAPL,40033900,-0.003893652140017,-1,0.0098774062423135,1,-0.0,0.0,-0.0012,-0.0
2024-12-05,META,8081200,-0.0132074029110488,1,0.0208239389790884,1,0.9999,0.9999,0.0007,1.0
2024-12-05,UNH,5943700,-0.0440361325213856,-1,0.0579551792103966,1,-0.29,0.3149,-0.0509,-0.7471
2024-12-06,META,16935500,0.0224062358504174,-1,0.0348466637948161,1,1.0,1.0,0.9999,0.0007
2024-12-06,GOOGL,21462400,0.0155787243712568,1,0.0187176727521469,1,-0.0019,0.0057,-0.3154,0.5205
2024-12-06,UNH,13003600,-0.0558141778220019,1,0.0652281727828347,1,-0.0046,0.0046,-0.29,-0.0509
2024-12-06,AAPL,36870600,-0.0002882027218448,1,0.010497727608225,1,1.0,1.0,-0.0,-0.0012
2024-12-06,BRK-B,3270900,-0.0001699744454672,-1,0.0090526145811613,1,0.9999,0.9999,-0.0,-0.9711
2024-12-06,AMZN,44178100,0.0284484655913788,-1,0.0296715188809458,1,0.5131,0.5136,-0.0,0.0431
2024-12-09,JPM,7076500,-0.0134342542735475,-1,0.0166309251371577,1,-0.0103,0.0106,0.004,1.0
2024-12-09,AMZN,46819400,-0.00492940602474,-1,0.019409372526726,1,-0.0024,0.0024,0.5131,-0.0
2024-12-09,TSLA,96359200,-0.0196674557851616,1,0.0673775282671947,1,-0.0,0.0001,1.0,-0.0011
2024-12-10,GOOGL,54813000,0.01268795180743,1,0.0290401825613702,3,0.6662,0.6662,-0.0019,-0.3154
2024-12-10,TSLA,97563600,0.0211622637098675,1,0.0480798747961699,1,0.0005,0.1875,-0.0,1.0
2024-12-10,AMZN,31199900,-0.0046441818247835,1,0.0214958675265237,1,1.0,1.0,-0.0024,0.5131
2024-12-10,MSFT,18469500,-0.0023853552987919,1,0.0180471854661645,1,-0.0012,0.0012,-0.0,-0.3376
2024-12-10,UNH,5360600,0.0056761609277692,-1,0.0190746809664146,1,-0.9996,0.9997,-0.0046,-0.29
2024-12-11,UNH,10363000,-0.0398264134852486,-1,0.0457653851362922,1,-0.7717,0.7726,-0.9996,-0.0046
2024-12-11,BRK-B,3876900,-0.0041870200074467,-1,0.0144821664194395,1,0.9433,0.9436,0.9999,-0.0
2024-12-11,AAPL,45205800,-0.0059283803069074,1,0.018309438707835,2,0.4843,0.4844,1.0,-0.0
2024-12-11,AMZN,35385800,0.0170045085572818,-1,0.0218188346870865,2,0.4843,0.4844,1.0,-0.0024
2024-12-11,MSFT,19200200,0.0111248791289449,1,0.0141876331127928,1,0.0007,0.0007,-0.0012,-0.0
2024-12-11,TSLA,104287600,0.0367829542534292,-1,0.0549182312170159,1,1.0,1.0,0.0005,-0.0
2024-12-12,META,7474700,-0.0011243419994557,-1,0.0149642932254551,1,-0.0,0.0,1.0,0.9999
2024-12-12,BRK-B,2571300,-0.0076380447276387,-1,0.0118790477506725,2,0.5369,0.5685,0.9433,0.9999
2024-12-13,MSFT,20177800,-0.002609074617261,1,0.0130452369807932,1,0.0006,0.0007,0.0007,-0.0012
2024-12-13,UNH,8202900,0.0093863270553438,-1,0.0326003172729582,1,-0.0024,0.0025,-0.7717,-0.9996
2024-12-13,AAPL,33155300,0.0012508980285364,1,0.01230727020752,1,-0.0001,0.0001,0.4843,1.0
2024-12-13,GOOGL,25143500,-0.0062299733879872,1,0.0161771447921804,1,-0.0,0.0001,0.6662,-0.0019
2024-12-13,META,8453300,-0.010953087334713,1,0.0226236457769337,1,0.8613,0.8613,-0.0,1.0
2024-12-16,GOOGL,44934900,0.0196505866172654,-1,0.0330793023504564,1,-0.0003,0.0012,-0.0,0.6662
2024-12-16,UNH,8880000,-0.0376447876447876,-1,0.0494595089474238,1,-1.0,1.0,-0.0024,-0.7717
2024-12-16,META,10885600,-0.009111385142912,-1,0.0199530266261252,1,-0.0003,0.0012,0.8613,-0.0
2024-12-17,META,12897800,-0.0107478490704266,-1,0.0252807025598271,2,0.9678,0.9678,-0.0003,0.8613
2024-12-17,AMZN,35948100,-0.0053358814769173,-1,0.0209991378150535,2,0.6474,0.8113,0.4843,1.0
2024-12-18,GOOGL,34166100,-0.0349349824893633,1,0.0474336361486198,1,0.0175,0.0177,-0.0003,-0.0
2024-12-18,AMZN,43281400,-0.04441651778928,1,0.0489231402570117,1,0.009,0.0093,0.6474,0.4843
2024-12-18,META,17075500,-0.0383413809317129,-1,0.0499838615577195,1,1.0,1.0,0.9678,-0.0003
2024-12-19,AMZN,39918700,-0.0072029271690838,1,0.0140945183287967,1,0.0,0.0,0.009,0.6474
2024-12-20,TSLA,132216200,-0.0104580670369713,1,0.0691874955892199,1,0.9916,0.9983,1.0,0.0005
2024-12-20,UNH,10956900,0.022154542599648,1,0.0284289550556648,1,-1.0,1.0,-1.0,-0.0024
2024-12-23,AMZN,28070000,0.0002222259143084,1,0.0132439049779078,2,0.5,0.5,0.0,0.009
2024-12-23,BRK-B,3836000,0.0025596408920325,1,0.0104370803487915,2,-0.0317,0.0319,0.5369,0.9433
2024-12-23,GOOGL,25675000,0.0104351044365987,1,0.0256983300410724,1,0.0017,0.0018,0.0175,-0.0003
2024-12-23,META,10205800,0.0173846682910962,1,0.0251696531037351,3,0.1393,0.1395,1.0,0.9678
2024-12-24,BRK-B,1761200,0.0071364264593786,1,0.0108034142214551,1,-0.0,0.0,-0.0317,0.5369
2024-12-27,JPM,5730200,-0.0063859716709064,-1,0.0138019367446751,1,-0.0111,0.0112,-0.0103,0.004
2024-12-27,AMZN,27367100,-0.0082003814426616,-1,0.0227393827305952,1,0.0029,0.0032,0.5,0.0
2024-12-27,BRK-B,3237700,-0.0017274831586074,-1,0.0145418632713696,3,-0.0,0.0,-0.0,-0.0317
2024-12-30,META,7025900,0.0042292827760084,-1,0.0192950918922505,1,0.1073,0.1077,0.1393,1.0
2024-12-30,GOOGL,14264700,0.0075869463553884,-1,0.0180716958873544,1,1.0,1.0,0.0017,0.0175
2024-12-31,META,6019500,-0.0114137294522778,1,0.0170867928199319,2,0.0002,0.0003,0.1073,0.1393
2024-12-31,BRK-B,3380700,0.0023661735575009,-1,0.0071205884026182,1,0.1075,0.1083,-0.0,-0.0
2024-12-31,GOOGL,17466900,-0.009315463482519,1,0.0180553285219328,1,-0.9971,0.9981,1.0,0.0017
2024-12-31,AAPL,39480700,-0.0080019182891975,-1,0.0152511728184175,1,-0.0,0.0,-0.0001,0.4843
2024-12-31,AMZN,24819700,-0.0160559797795896,1,0.0192402263203398,2,0.4987,0.4994,0.0029,0.5
2025-01-02,TSLA,109710700,-0.0277364961674663,1,0.0504742428437219,1,-0.9976,0.9977,0.9916,1.0
2025-01-02,GOOGL,20370800,-0.0063991673735145,1,0.0236034625967168,1,-0.9998,0.9999,-0.9971,1.0
2025-01-03,JPM,9491100,-0.0025011300663337,-1,0.0189430086823504,1,-0.0011,0.0012,-0.0111,-0.0103
2025-01-03,MSFT,16662900,0.0053909461471411,1,0.0106630340494808,1,1.0,1.0,0.0006,0.0007
2025-01-03,AMZN,27515600,0.0075502583076945,1,0.0168082584400458,3,0.8778,0.8814,0.4987,0.0029
2025-01-03,AAPL,40244100,0.0,1,0.0094099000673464,2,0.3685,0.3701,-0.0,-0.0001
2025-01-06,META,14560800,0.030024671238858,-1,0.0414657574956183,1,-0.0,0.0,0.0002,0.1073
2025-01-06,AMZN,31849800,0.003659942832359,-1,0.01763823979862,2,0.5,0.5,0.8778,0.4987
2025-01-06,GOOGL,29563600,0.0148984403201435,-1,0.022528071004422,2,0.5,0.5,-0.9998,-0.9971
2025-01-07,AMZN,28084200,-0.025405850992531,1,0.030364187601025,1,-0.0005,0.0005,0.5,0.8778
2025-01-08,UNH,4141700,0.0194752566205053,-1,0.0294654482886904,1,0.0,0.0,-1.0,-1.0
2025-01-08,MSFT,15054600,0.0025976624137165,-1,0.0128229178325038,2,1.0,1.0,1.0,0.0006
2025-01-08,AMZN,25033300,-0.0047493057350184,-1,0.014875251077119,2,0.3489,0.352,-0.0005,0.5
2025-01-08,META,10085800,-0.0043691777050344,1,0.0222530548920361,3,0.0343,0.0343,-0.0,0.0002
2025-01-10,META,19256600,0.0095568345404359,-1,0.0533907262345802,4,0.7137,0.7139,0.0343,-0.0
2025-01-10,JPM,10256800,-0.0132461280563243,1,0.0208564405850023,1,-1.0,1.0,-0.0011,-0.0111
2025-01-10,BRK-B,5471900,-0.0220916359278443,1,0.0284981968632546,1,-0.0,0.0,0.1075,-0.0
2025-01-10,GOOGL,26665200,-0.0116315477618544,-1,0.0319609192811643,1,1.0,1.0,0.5,-0.9998
2025-01-13,GOOGL,21823700,0.0049454787520146,-1,0.0200978161636705,3,0.0373,0.3365,1.0,0.5
2025-01-13,BRK-B,3639200,0.0042303752625085,1,0.0087096326782474,2,-0.0,0.0,-0.0,0.1075
2025-01-14,META,13598000,-0.0178822403907734,1,0.0279967644013946,1,-0.0034,0.0036,0.7137,0.0343
2025-01-14,AMZN,24711700,-0.0121575390350608,1,0.0254945124012615,1,-0.0002,0.0002,0.3489,-0.0005
2025-01-14,TSLA,84565000,-0.043394340747316,1,0.0678187149487743,1,-0.7246,0.7249,-0.9976,0.9916
2025-01-14,UNH,3978300,0.0075789227004173,-1,0.0148244225666185,1,0.0002,0.0003,0.0,-1.0
2025-01-15,JPM,18448500,0.0077875888760499,1,0.0398961890442135,3,0.3427,0.3705,-1.0,-0.0011
2025-01-15,META,15524300,0.0113239260184435,-1,0.0261549653364615,1,0.9779,0.9947,-0.0034,0.7137
2025-01-15,AMZN,31291300,0.0023336367104425,-1,0.0126554202802404,1,-0.0011,0.0011,-0.0002,0.3489
2025-01-16,MSFT,15300000,-0.0096105097211332,1,0.011896373782874,1,0.9504,0.9935,1.0,1.0
2025-01-16,BRK-B,3475700,0.008454459165308,1,0.0101540621368833,1,1.0,1.0,-0.0,-0.0
2025-01-16,TSLA,68335200,-0.0228340294532216,1,0.0351129789607492,1,-0.0002,0.0002,-0.7246,-0.9976
2025-01-16,UNH,9059900,-0.0372583768410959,-1,0.0562647840654675,3,-0.9738,0.974,0.0002,0.0
2025-01-16,AAPL,71759100,-0.038297920214568,1,0.042047589934278,2,-0.9971,0.9972,0.3685,-0.0
2025-01-16,AMZN,24757300,-0.0167542756328042,1,0.0193387237024371,2,-0.4971,0.4973,-0.0011,-0.0002
2025-01-17,UNH,7495700,0.0081879962984414,1,0.037617221856192,1,0.0,0.0,-0.9738,0.0002
2025-01-17,GOOGL,27735100,-0.0026967830997245,1,0.0177071986422138,1,0.0012,0.0013,0.0373,1.0
2025-01-17,BRK-B,6467000,0.0069721349046275,1,0.0166339881020122,1,0.0012,0.0013,1.0,-0.0
2025-01-17,MSFT,26197500,-0.0116565633884249,-1,0.0145361505950995,1,0.0012,0.0013,0.9504,1.0
2025-01-17,META,17280600,-0.0180754242165948,1,0.0341318615649667,2,0.1607,0.1728,0.9779,-0.0034
2025-01-21,GOOGL,29971300,-0.0051238470635091,1,0.0222032350747171,1,-0.0,0.0,0.0012,0.0373
2025-01-21,BRK-B,4910200,-0.0051592201184315,-1,0.0115711511826565,1,-0.0,0.0,0.0012,1.0
2025-01-21,AMZN,39951500,0.0079074393431454,1,0.0211445891959237,1,-0.0,0.0001,-0.4971,-0.0011
2025-01-21,TSLA,87320900,-0.0198086331223493,-1,0.0621533231739748,1,0.3362,0.3927,-0.0002,-0.7246
2025-01-21,JPM,13712100,0.0113815179440819,-1,0.0182643129397014,1,0.0043,0.0043,0.3427,-1.0
2025-01-21,AAPL,98070400,-0.0060714312962122,1,0.0224999700273786,1,-1.0,1.0,-0.9971,0.3685
2025-01-22,META,12274000,0.0003208923647495,1,0.0228943042045908,2,0.4985,0.5092,0.1607,0.9779
2025-01-22,JPM,9021900,-0.0002282143780397,1,0.0119056864034958,2,-0.0001,0.0001,0.0043,0.3427
2025-01-22,AMZN,41448200,0.0128867777748329,1,0.0183173860949042,2,0.4963,0.497,-0.0,-0.4971
2025-01-22,AAPL,64126500,0.0183812214765501,-1,0.0197006322549802,1,-0.9998,1.0,-1.0,-0.9971
2025-01-22,TSLA,60963300,-0.0040786262733351,-1,0.0321729414857047,1,-0.0002,0.0011,0.3362,-0.0002
2025-01-23,AAPL,60234800,-0.0048055611135398,-1,0.0210465231464228,2,-0.0436,0.0439,-0.9998,-1.0
2025-01-23,BRK-B,4424500,-0.0040071177717566,1,0.0146421977838928,1,-0.0025,0.0027,-0.0,0.0012
2025-01-24,GOOGL,23877500,0.0106511890224223,-1,0.0146390399148649,1,0.0,0.0,-0.0,0.0012
2025-01-24,META,19065300,0.0174260927009284,1,0.0279698100410309,2,0.6547,0.6568,0.4985,0.1607
2025-01-24,AMZN,25890700,0.001492563341218,1,0.0147974465701627,1,0.2715,0.3225,0.4963,-0.0
2025-01-24,MSFT,15549500,-0.0024710353456428,-1,0.0117935123479442,1,0.999,0.999,0.0012,0.9504
2025-01-24,AAPL,54697900,-0.0088975888017676,1,0.0187739178023867,1,-0.0005,0.0005,-0.0436,-0.9998
2025-01-27,META,28399200,0.0530952591069605,1,0.0618726487569423,1,0.9973,0.9996,0.6547,0.4985
2025-01-27,GOOGL,41728900,-0.0031183727046193,1,0.0319630426600554,1,0.9999,0.9999,0.0,-0.0
2025-01-28,META,20950100,0.0125075331679335,1,0.0346997693494274,2,-0.0014,0.0029,0.9973,0.6547
2025-01-28,GOOGL,24157900,0.013229587817161,1,0.0249027395681339,1,1.0,1.0,0.9999,0.0
2025-01-28,AMZN,41587200,0.0164753114557369,-1,0.0332494292037821,1,1.0,1.0,0.2715,0.4963
2025-01-29,TSLA,68033600,-0.0154600983873581,1,0.0357025015982328,1,-1.0,1.0,-0.0002,0.3362
2025-01-29,META,21377800,0.0022073929398148,1,0.0227851924189814,2,0.4968,0.5036,-0.0014,0.9973
2025-01-29,AMZN,26091700,-0.0081583001982518,-1,0.0177391239953741,1,-0.0,0.0,1.0,0.2715
2025-01-29,AAPL,45486100,0.022381708536006,-1,0.0249872126495963,1,0.9759,0.976,-0.0005,-0.0436
2025-01-29,MSFT,23581400,-0.0097607196160888,-1,0.0145067293893107,3,-0.3452,0.3452,0.999,0.0012
2025-01-30,GOOGL,24354700,0.0144949248342803,1,0.0188383622602985,1,1.0,1.0,1.0,0.9999
2025-01-30,TSLA,98092900,-0.0255611276868458,1,0.0683820936300814,1,-0.9905,0.9997,-1.0,-0.0002
2025-01-30,AAPL,55658300,-0.0045250841720382,-1,0.0149997343601244,1,1.0,1.0,0.9759,-0.0005
2025-01-30,META,29322900,-0.0140926024238704,1,0.0497833042633425,2,0.5,0.5,0.4968,-0.0014
2025-01-30,MSFT,54586300,-0.0090264318801829,1,0.0231630296915484,1,-1.0,1.0,-0.3452,0.999
2025-01-30,AMZN,32020700,-0.0105422957174433,1,0.0241629237677614,6,-0.5067,0.507,-0.0,1.0
2025-01-31,AMZN,36110200,0.0049893982062632,-1,0.0164058757886827,2,-0.4704,0.5289,-0.5067,-0.0
2025-01-31,TSLA,83283600,0.0076457732511941,-1,0.0464473238691573,1,-0.0,0.0,-0.9905,-1.0
2025-01-31,GOOGL,32001100,0.0100000211507967,-1,0.0182177855236697,1,1.0,1.0,1.0,1.0
2025-02-03,BRK-B,4232000,0.0071753688406323,1,0.0263168967095394,1,0.9994,0.9994,-0.0025,-0.0
2025-02-03,AAPL,73063300,-0.008609117522661,1,0.0266533533475425,1,-0.9987,0.9991,1.0,0.9759
2025-02-03,AMZN,37285900,0.0143552962718904,1,0.0271298221385564,3,-0.3043,0.362,-0.4704,-0.5067
2025-02-04,BRK-B,3238400,0.005484552371443,1,0.0112057285407156,2,0.0017,0.0018,0.9994,-0.0025
2025-02-04,JPM,5626000,-0.0070411870822337,1,0.0111547947171473,1,1.0,1.0,-0.0001,0.0043
2025-02-04,GOOGL,43856400,0.0147008481347989,-1,0.0208466763650516,3,-0.6657,0.6731,1.0,1.0
2025-02-05,META,17778200,0.0018762097180323,1,0.0271906832701726,2,0.9615,0.9688,0.5,0.4968
2025-02-05,UNH,4621600,0.0171085437491661,-1,0.0354041410019917,1,0.0033,0.0049,0.0,-0.9738
2025-02-05,GOOGL,70373900,0.0013607290357966,1,0.0247029938754017,5,-0.7982,0.7985,-0.6657,1.0
2025-02-06,AMZN,60897100,0.0034452642458054,-1,0.0153355289253138,3,-0.6671,0.6671,-0.3043,-0.4704
2025-02-06,JPM,7264400,0.0163332042212265,-1,0.021251636210323,1,-0.0016,0.0209,1.0,-0.0001
2025-02-06,GOOGL,29297400,0.0110818264037764,-1,0.0178364373763194,2,-0.0053,0.0055,-0.7982,-0.6657
2025-02-07,AMZN,77539300,-0.0144086284022177,1,0.0290322580645161,3,-0.6601,0.6649,-0.6671,-0.3043
2025-02-10,UNH,3143100,0.0108022294078489,1,0.0204293755772613,1,-0.0,0.0001,0.0033,0.0
2025-02-10,AMZN,35419900,0.0112339896057567,-1,0.0204727875004343,1,0.0013,0.0014,-0.6601,-0.6671
2025-02-10,TSLA,77514900,-0.0153841290255921,-1,0.0342213939356712,1,0.7635,0.9726,-0.0,-0.9905
2025-02-10,GOOGL,23105600,-0.0046971169156315,-1,0.0124899720398073,1,-0.0,0.0,-0.0053,-0.7982
2025-02-11,META,12998000,0.0090842544751512,1,0.0190938077964169,2,0.0537,0.0648,0.9615,0.5
2025-02-12,JPM,6683900,0.0049986343472197,1,0.011675468344302,2,0.4614,0.4864,-0.0016,1.0
2025-02-12,BRK-B,3297600,0.0027421319152861,1,0.0086302132844228,1,0.9983,0.9984,0.0017,0.9994
2025-02-12,AAPL,45243300,0.0245242138572113,1,0.027162690834688,1,0.9902,0.9902,-0.9987,1.0
2025-02-13,GOOGL,21402500,0.0098740885042843,-1,0.0170355862894751,1,-0.9957,0.9957,-0.0,-0.0053
2025-02-13,AMZN,31346500,0.006641856994246,-1,0.012672028923489,2,0.4996,0.5011,0.0013,-0.6601
2025-02-13,JPM,8398700,0.0029764331187613,1,0.011470067739054,1,-0.0001,0.0001,0.4614,-0.0016
2025-02-13,AAPL,53614100,0.0195010554462559,1,0.0285762057702193,1,-0.0001,0.0001,0.9902,-0.9987
2025-02-14,TSLA,68277300,-0.0132549466031232,-1,0.0402085302987374,2,0.4992,0.4993,0.7635,-0.0
2025-02-14,META,16901200,0.0145012918298088,-1,0.0210565148854197,2,0.0051,0.006,0.0537,0.9615
2025-02-14,BRK-B,2825800,-0.0039047186284628,1,0.0105925095499349,2,-0.5305,0.5306,0.9983,0.0017
2025-02-18,BRK-B,3351000,0.0050374967911757,1,0.0133846643577742,1,0.0,0.0,-0.5305,0.9983
2025-02-18,JPM,7919800,0.0115262405291419,-1,0.0142723372873716,3,-0.0001,0.6667,-0.0001,0.4614
2025-02-18,GOOGL,29916700,-0.0098599233344531,1,0.0227370747948653,1,0.9999,0.9999,-0.9957,-0.0
2025-02-18,META,21938700,-0.0266712022864299,-1,0.0415217358133067,1,1.0,1.0,0.0051,0.0537
2025-02-19,UNH,4380300,0.0193685241911149,-1,0.0273472399862158,1,-0.0001,0.0001,-0.0,0.0033
2025-02-19,JPM,7007200,0.0031252069183407,-1,0.0108843980391923,1,-0.1482,0.1483,-0.0001,-0.0001
2025-02-19,META,17535500,-0.0004686210284453,-1,0.0164891148333031,2,-0.9866,0.9867,1.0,0.0051
2025-02-19,AAPL,32204200,0.0008582990760031,1,0.0116487811741497,1,0.0001,0.0004,-0.0001,0.9902
2025-02-20,TSLA,45965400,-0.0196675491053489,-1,0.0395562706610525,1,-0.0,0.0,0.4992,0.7635
2025-02-20,AMZN,30001700,-0.008452682208393,-1,0.0147700299948776,1,-0.0,0.0,0.4996,0.0013
2025-02-20,MSFT,23508700,0.0020226740846325,-1,0.0163018345598833,1,-0.0,0.0,-1.0,-0.3452
2025-02-20,JPM,13846700,-0.0426295578980935,-1,0.046648486944394,1,-0.0,0.0,-0.1482,-0.0001
2025-02-20,META,12587400,-0.0034993149651319,-1,0.0171953730647721,1,-0.0001,0.0001,-0.9866,1.0
2025-02-21,META,15660400,-0.0187057179034672,-1,0.0308794528092968,1,0.8117,0.8201,-0.0001,-0.9866
2025-02-21,UNH,19864900,0.0611307618723484,-1,0.0709817155579735,3,-0.6658,0.6659,-0.0001,-0.0
2025-02-21,MSFT,27524800,-0.0218766592297101,-1,0.0243445948954899,1,0.1938,0.1955,-0.0,-1.0
2025-02-24,GOOGL,29854200,-0.015055802024617,-1,0.0232430111536973,1,-0.0585,0.0586,0.9999,-0.9957
2025-02-24,MSFT,26443700,-0.01104014505841,-1,0.0246015704700473,1,-0.9588,0.9604,0.1938,-0.0
2025-02-24,BRK-B,9862400,0.0308583524875581,1,0.0428541907356838,1,0.0138,0.0545,0.0,-0.5305
2025-02-25,MSFT,29387400,-0.007978090646564,1,0.0130142137653217,2,-0.0,0.0002,-0.9588,0.1938
2025-02-25,BRK-B,6757500,-0.0066182780734579,-1,0.0300109436285161,2,0.1062,0.1472,0.0138,0.0
2025-02-25,TSLA,134228800,-0.0740627546767196,-1,0.0967525402464456,3,0.0019,0.6648,-0.0,0.4992
2025-02-25,GOOGL,41913400,-0.0147157673331117,-1,0.0227477151453771,1,-0.584,0.6007,-0.0585,0.9999
2025-02-25,AAPL,48013300,-0.0038709948139806,-1,0.020524178781817,1,-0.0003,0.0003,0.0001,-0.0001
2025-02-25,META,20579700,-0.0127182471818998,1,0.0392510410354374,1,-0.0001,0.0001,0.8117,-0.0001
2025-02-25,AMZN,58958000,0.0055285079712264,1,0.0433775573594331,1,-0.0003,0.0003,-0.0,0.4996
2025-02-25,JPM,9608400,-0.0184190096002992,1,0.0367997311222608,1,1.0,1.0,-0.0,-0.1482
2025-02-26,GOOGL,35431300,-0.0133661478196327,-1,0.0257040030372894,1,-0.0001,0.0002,-0.584,-0.0585
2025-02-26,MSFT,19619000,0.0043215024207959,-1,0.0234918868221969,1,-0.0,0.0,-0.0,-0.9588
2025-02-26,AMZN,39120600,-0.00274493501065,-1,0.0235880118481007,1,0.038,0.0411,-0.0003,-0.0
2025-02-27,META,12500000,-0.0354751579450654,1,0.0455418221612033,1,-0.0001,0.0001,-0.0001,0.8117
2025-02-27,BRK-B,4507700,0.012005219676765,1,0.0188136300247965,1,-0.0611,0.0663,0.1062,0.0138
2025-02-27,GOOGL,39991000,-0.0315535681351522,1,0.0380481344225692,1,1.0,1.0,-0.0001,-0.584
2025-02-27,AMZN,40548600,-0.0440119090530075,1,0.0531257420621105,2,0.5,0.5,0.038,-0.0003
2025-02-28,AAPL,56833400,0.0206372629357601,-1,0.0501793608051643,1,0.9999,1.0,-0.0003,0.0001
2025-03-03,MSFT,23007700,-0.02590145153236,1,0.0317436523484576,1,0.9999,0.9999,-0.0,-0.0
2025-03-03,BRK-B,5112300,-0.0118941235893999,-1,0.023807696800614,3,0.0005,0.0009,-0.0611,0.1062
2025-03-03,UNH,5700200,-0.0154310082837562,1,0.0254231879813866,1,-1.0,1.0,-0.6658,-0.0001
2025-03-03,META,10843800,-0.0276540866366182,-1,0.0451400865027122,1,-0.0017,0.0018,-0.0001,-0.0001
2025-03-04,MSFT,29342900,0.0135889189828333,1,0.0302034083375394,1,-0.0,0.0,0.9999,-0.0
2025-03-04,AMZN,60853100,0.018439870222135,1,0.0468242983728813,2,0.0,0.0,0.5,0.038
2025-03-04,BRK-B,6126600,-0.0224929601774684,1,0.0298066630438058,1,-0.0,0.0,0.0005,-0.0611
2025-03-05,TSLA,94042900,0.0226439702906493,-1,0.043382660689432,1,0.5394,0.5417,0.0019,-0.0
2025-03-05,BRK-B,4715800,0.0050403225806451,-1,0.0173588414346018,1,-0.0001,0.0002,-0.0,0.0005
2025-03-06,AMZN,49863800,-0.018101746862654,-1,0.0365459953217326,1,-0.9814,0.9849,0.0,0.5
2025-03-06,TSLA,98451600,-0.0316473771551371,-1,0.0464236013973071,1,-0.9998,0.9998,0.5394,0.0019
2025-03-06,BRK-B,3989700,0.0020127204077183,-1,0.0150350239025904,1,0.7766,0.7772,-0.0001,-0.0
2025-03-06,GOOGL,28302000,0.0106726519512513,1,0.0252741311760157,1,-0.9906,0.9907,1.0,-0.0001
2025-03-07,AAPL,46273600,0.0168432083007396,-1,0.0281145021189735,2,0.0383,0.0498,0.9999,-0.0003
2025-03-07,META,21375700,0.0004636903426897,-1,0.0546556325737634,1,-0.0,0.0,-0.0017,-0.0001
2025-03-07,AMZN,59802800,-0.0012030953258572,-1,0.0488245286729304,1,0.3444,0.351,-0.9814,0.0
2025-03-07,BRK-B,3842200,-0.0013500441600643,1,0.0164420067331876,1,-0.0004,0.0007,0.7766,-0.0001
2025-03-10,AMZN,62350900,-0.0054192882633236,1,0.0300612957083018,1,-0.0454,0.0457,0.3444,-0.9814
2025-03-10,GOOGL,43604000,-0.0142042046099754,-1,0.0283490100332027,1,-0.9997,0.9998,-0.9906,1.0
2025-03-10,TSLA,189076900,-0.1203373730798193,1,0.1321374673490968,1,-1.0,1.0,-0.9998,0.5394
2025-03-10,BRK-B,6262000,0.0144898083745216,-1,0.0213265555245536,1,-0.0,0.0001,-0.0004,0.7766
2025-03-10,JPM,18887200,-0.0168917716428388,-1,0.0372973087853375,1,0.1579,0.2071,1.0,-0.0
2025-03-12,META,15747000,-0.0164153460147697,-1,0.0380695992609503,2,-0.0921,0.112,-0.0,-0.0017
2025-03-12,JPM,16054000,-0.0260684021517762,-1,0.0301709949460805,2,-0.9714,0.9785,0.1579,1.0
2025-03-12,AAPL,62547500,-0.014354518355913,-1,0.0310711200002495,1,1.0,1.0,0.0383,0.9999
2025-03-13,META,16480300,-0.0477387913769648,1,0.0548004679312777,1,0.9167,0.9203,-0.0921,-0.0
2025-03-13,AMZN,41270800,-0.0215976122462697,1,0.035625965705338,2,-0.4999,0.4999,-0.0454,0.3444
2025-03-13,MSFT,20473000,-0.011457392751016,1,0.0205397093693728,1,0.9996,0.9996,-0.0,0.9999
2025-03-14,GOOGL,31995900,0.0135971162038952,-1,0.0247443402903329,1,1.0,1.0,-0.9997,-0.9906
2025-03-14,META,12364500,0.0079628199903304,-1,0.0233575918046023,2,0.4983,0.5005,0.9167,-0.0921
2025-03-14,AMZN,38096700,0.0027353896768933,-1,0.016868378048183,2,0.9961,0.998,-0.4999,-0.0454
2025-03-14,BRK-B,5775600,0.0150901729849098,1,0.0254857739750049,1,-0.0622,0.0631,-0.0,-0.0004
2025-03-14,AAPL,60107600,0.0106035762990014,1,0.0206863674186391,1,-0.0017,0.0017,1.0,0.0383
2025-03-17,BRK-B,5343400,0.0163033203685118,1,0.02234658604235,1,0.0,0.0,-0.0622,-0.0
2025-03-18,BRK-B,4857800,-0.0043962270528668,1,0.0132458308325511,1,0.0006,0.0007,0.0,-0.0622
2025-03-18,META,20297700,-0.0294808812620285,1,0.042646491752447,1,-1.0,1.0,0.4983,0.9167
2025-03-18,AMZN,40414900,0.0015582954763144,1,0.0239974808573613,1,-0.0019,0.0019,0.9961,-0.4999
2025-03-18,GOOGL,42074800,-0.0183895078294521,1,0.0460043934276828,3,-0.0672,0.4024,1.0,-0.9997
2025-03-18,JPM,10344900,0.0027739581604954,1,0.0113092941859535,1,-0.1874,0.1876,-0.9714,0.1579
2025-03-19,BRK-B,3798000,-0.0007989174384252,1,0.0115087766554954,1,-0.0001,0.0001,0.0006,0.0
2025-03-19,META,20537500,-0.0003765861012673,1,0.0300369461781682,2,-0.0046,0.0048,-1.0,0.4983
2025-03-19,GOOGL,34275600,0.0131676864190452,-1,0.0301063012028088,1,1.0,1.0,-0.0672,1.0
2025-03-19,AMZN,39442900,0.0111696574039764,-1,0.0207363450490446,1,-0.3366,0.3377,-0.0019,0.9961
2025-03-20,JPM,8328500,0.0103567677271189,1,0.0235035408182932,1,0.4408,0.4506,-0.1874,-0.9714
2025-03-20,GOOGL,28138500,0.0076127726173264,1,0.0243237760576132,1,-1.0,1.0,1.0,-0.0672
2025-03-20,TSLA,99028300,0.0124704877960424,1,0.0340689811026425,1,0.9711,0.9957,-1.0,-0.9998
2025-03-21,UNH,10244900,0.0101039379771726,-1,0.0271849668957512,1,-0.0,0.0,-1.0,-0.6658
2025-03-21,TSLA,132728700,0.0583854670410748,1,0.0637048422092937,1,-0.0008,0.0008,0.9711,-1.0
2025-03-24,BRK-B,4858900,0.0052571212547269,1,0.0111259942570244,1,0.9995,0.9995,-0.0001,0.0006
2025-03-24,META,15741300,0.0063092590982552,1,0.0168137735383896,2,-0.1384,0.1388,-0.0046,-1.0
2025-03-24,JPM,9422700,0.0105100288249893,1,0.0174352242699534,1,-0.0,0.0,0.4408,-0.1874
2025-03-24,GOOGL,30879100,0.0036510763441744,1,0.0190339845284086,2,-0.0002,0.0003,-1.0,1.0
2025-03-24,TSLA,169079900,0.0786966410914812,1,0.0864461765225828,1,0.2491,0.2998,-0.0008,0.9711
2025-03-25,UNH,3015100,-0.0093579461814756,1,0.0144130601189424,1,0.0,0.0,-0.0,-1.0
2025-03-25,JPM,9287700,0.0073001778590567,-1,0.0168465454581062,1,0.0291,0.0295,-0.0,0.4408
2025-03-25,BRK-B,3964800,0.0032057408567961,1,0.0140558694326027,1,-0.0,0.0,0.9995,-0.0001
2025-03-25,MSFT,15775000,0.0031478223804499,-1,0.0094434671413503,1,0.0,0.0,0.9996,-0.0
2025-03-25,GOOGL,24174400,0.0093502300331588,-1,0.0136702427328638,2,0.0001,0.0001,-0.0002,-1.0
2025-03-25,AMZN,31171200,0.0103634604474362,-1,0.0146856846931716,1,0.0002,0.0002,-0.3366,-0.0019
2025-03-26,BRK-B,5004400,0.0041619999485051,1,0.012523586467161,2,-0.0006,0.0088,-0.0,0.9995
2025-03-26,META,12609800,-0.0222599719208398,-1,0.0322296951084556,2,0.0001,0.0001,-0.1384,-0.0046
2025-03-26,MSFT,16108400,-0.0127341741248022,1,0.0170632664161392,1,0.9934,0.9935,0.0,0.9996
2025-03-26,JPM,12779300,-0.0062153890985076,-1,0.0193586669496933,2,-0.0018,0.002,0.0291,-0.0
2025-03-26,AMZN,32855300,-0.0228818088752128,1,0.0295375142791698,2,0.0012,0.0013,0.0002,-0.3366
2025-03-27,BRK-B,5154600,0.0023816587552742,-1,0.0150586578469292,2,0.4202,0.4251,-0.0006,-0.0
2025-03-27,AMZN,27317700,0.0023395949132913,-1,0.0224500697921169,1,0.2801,0.2803,0.0012,0.0002
2025-03-27,AAPL,37094800,0.0111116433472569,-1,0.0200099731098218,1,0.11,0.111,-0.0017,1.0
2025-03-27,MSFT,13766800,0.0011534147177125,-1,0.0124061114944093,1,-0.0086,0.0088,0.9934,0.0
2025-03-27,META,10436500,0.0009634835379463,-1,0.0235050239436253,1,-0.9997,0.9999,0.0001,-0.1384
2025-03-31,MSFT,35184700,0.0076502014230559,1,0.0263864735716256,2,-0.0925,0.1469,-0.0086,0.9934
2025-03-31,GOOGL,54603500,0.0099928076102001,1,0.0318724420649863,1,-0.0001,0.0001,0.0001,-0.0002
2025-03-31,META,21124700,0.0228216244038375,1,0.0450754647986912,1,-1.0,1.0,-0.9997,0.0001
2025-03-31,BRK-B,7139300,0.0214422557581294,1,0.033601877082646,2,-0.0,0.0,0.4202,-0.0006
2025-03-31,AMZN,63547600,0.010999479454676,1,0.0368245275767397,1,-0.0,0.0,0.2801,0.0012
2025-03-31,TSLA,134008900,0.0395090698326313,1,0.068990401976157,2,0.1361,0.2464,0.2491,-0.0008
2025-04-01,BRK-B,4130600,0.0020869093430332,1,0.0167518482791891,2,0.4947,0.4985,-0.0,0.4202
2025-04-01,JPM,8054700,0.0042865739256961,1,0.0198252314541119,1,1.0,1.0,-0.0018,0.0291
2025-04-01,META,12836600,0.0265573057797671,-1,0.0348783760911219,1,-0.0,0.0,-1.0,-0.9997
2025-04-01,GOOGL,30672900,0.0224580934558646,-1,0.0291629418612505,2,0.0176,0.0178,-0.0001,0.0001
2025-04-02,TSLA,212787800,0.1106048821171671,-1,0.1324429896054447,1,-1.0,1.0,0.1361,0.2491
2025-04-03,AAPL,103419000,-0.0114332534858806,-1,0.0303590819158846,2,-0.5,0.5,0.11,-0.0017
2025-04-03,TSLA,136174300,0.0075011880217043,-1,0.0557502263596909,1,-0.002,0.002,-1.0,0.1361
2025-04-03,BRK-B,6410900,0.0048140291324243,-1,0.0258897943045113,2,0.4663,0.467,0.4947,-0.0
2025-04-03,JPM,17188500,-0.0238186781461148,-1,0.0334656430396974,1,-0.0001,0.0001,1.0,-0.0018
2025-04-03,GOOGL,46883400,-0.0025808972806114,-1,0.0158162886638537,1,-0.0,0.0,0.0176,-0.0001
2025-04-03,AMZN,95553600,-0.0250819472015881,-1,0.0393989437916239,2,-0.4999,0.5,-0.0,0.2801
2025-04-04,AAPL,125910900,-0.0284181470121254,-1,0.0646758914043887,3,-0.8693,0.8694,-0.5,0.11
2025-04-04,JPM,27170700,-0.0233616591720411,1,0.0407319881654557,1,-0.0006,0.0016,-0.0001,1.0
2025-04-07,META,36606100,0.0642135508236569,-1,0.1184704194962215,2,-0.1747,0.8099,-0.0,-1.0
2025-04-07,AAPL,160466300,0.0240406875789579,-1,0.1102144419618772,1,-0.9996,0.9999,-0.8693,-0.5
2025-04-07,JPM,22914400,0.0421344121539956,1,0.0966613159190685,1,-1.0,1.0,-0.0006,-0.0001
2025-04-08,AMZN,87710400,-0.0786589235085939,1,0.093559288300999,5,0.2587,0.5416,-0.4999,-0.0
2025-04-08,BRK-B,9470100,-0.0321984640790604,1,0.0624914005753632,1,-0.0304,0.0324,0.4663,0.4947
2025-04-08,AAPL,120859500,-0.0764863364366075,1,0.1131761648066936,1,-0.9998,0.9998,-0.9996,-0.8693
2025-04-09,MSFT,50199700,0.1045142863505875,-1,0.1135090906626864,1,-0.0002,0.0016,-0.0925,-0.0086
2025-04-09,UNH,12691900,0.0327774928971746,1,0.0623772655544628,1,0.0,0.0005,0.0,-0.0
2025-04-09,AMZN,116804300,0.1102719702809986,-1,0.1320009404208633,2,0.0142,0.0153,0.2587,-0.4999
2025-04-09,AAPL,184395900,0.1564408818417745,-1,0.167025308115289,1,-0.1887,0.742,-0.9998,-0.9996
2025-04-09,BRK-B,10153700,0.0641019860092474,-1,0.0783061124840561,1,-0.0667,0.0788,-0.0304,0.4663
2025-04-10,AAPL,121880000,0.0071401639204021,1,0.0623049575446219,1,-0.5156,0.8702,-0.1887,-0.9998
2025-04-10,AMZN,68302000,-0.0227566930821009,1,0.0594261694811715,1,0.0,0.0001,0.0142,0.2587
2025-04-10,GOOGL,48022000,-0.0237638055542424,1,0.0497636954071082,1,-0.0007,0.0007,-0.0,0.0176
2025-04-10,META,28173500,-0.0507393920007874,-1,0.0799318854899038,1,1.0,1.0,-0.1747,-0.0
2025-04-11,JPM,20284500,0.0437011157100465,-1,0.060006194943017,2,0.9997,1.0,-1.0,-0.0006
2025-04-14,TSLA,100135200,-0.02326203587552,1,0.0614259019081165,1,0.1313,0.1454,-0.002,-1.0
2025-04-14,MSFT,19251200,-0.0137582107861112,-1,0.0265500290142833,1,1.0,1.0,-0.0002,-0.0925
2025-04-14,META,14130900,-0.0443929072047648,-1,0.0530233402386601,1,0.2646,0.2675,1.0,-0.1747
2025-04-14,JPM,13017800,-0.0100379790027227,-1,0.0259383961964104,1,0.9648,0.9669,0.9997,-1.0
2025-04-14,AAPL,101352900,-0.0421868996687001,-1,0.0557131982750583,1,0.001,0.001,-0.5156,-0.1887
2025-04-14,BRK-B,5512100,-0.0027871571916195,-1,0.0179661752589453,1,-0.4118,0.4119,-0.0667,-0.0304
2025-04-15,JPM,10912900,-0.0125794203469904,-1,0.0246928692145376,3,0.3333,0.3333,0.9648,0.9997
2025-04-15,UNH,3871300,-0.0146055037173073,1,0.01832023464279,1,1.0,1.0,0.0,0.0
2025-04-15,AAPL,51343900,0.0013870939188063,-1,0.0183790322196594,1,-0.0171,0.0235,0.001,-0.5156
2025-04-16,META,18735100,-0.0121925076949593,-1,0.0348862163845141,1,-0.0001,0.0002,0.2646,1.0
2025-04-16,MSFT,21967800,-0.0238002147702442,-1,0.0357527119854062,1,0.9993,0.9993,1.0,-0.0002
2025-04-16,AMZN,51875300,-0.0111179960844226,-1,0.0436213213130297,3,-0.0108,0.0156,0.0,0.0142
2025-04-16,BRK-B,5889300,-0.0242773018747237,1,0.0325713029132324,1,-0.0014,0.0026,-0.4118,-0.0667
2025-04-17,UNH,29120200,-0.0577653826129783,-1,0.0885776561056874,9,-0.685,0.7214,1.0,0.0
2025-04-17,TSLA,83404800,-0.0086253176694733,-1,0.02735451443183,2,0.0,1.0,0.1313,-0.002
2025-04-17,META,14593500,-0.0074616309028637,-1,0.0183868936711404,2,-0.3706,0.4697,-0.0001,0.2646
2025-04-17,AMZN,44726500,-0.019261360168457,-1,0.0239204926924272,3,0.3313,0.3352,-0.0108,0.0
2025-04-21,UNH,13029900,-0.0543179088022747,1,0.0637895807062902,2,-0.9854,0.9889,-0.685,1.0
2025-04-21,JPM,8716200,-0.0071109541470189,1,0.023717647768696,1,-0.0001,0.0001,0.3333,0.9648
2025-04-21,AMZN,48126100,-0.0134433885450763,1,0.0254128105086988,2,-0.4913,0.4913,0.3313,-0.0108
2025-04-21,AAPL,46742500,-0.0005691551090177,1,0.0206447219173191,1,-0.0,0.0,-0.0171,0.001
2025-04-21,TSLA,97768000,-0.0119864265294855,1,0.0409103346324222,2,-0.4999,0.5,0.0,0.1313
2025-04-21,META,16166000,-0.01357536297894,1,0.0278835254949705,1,-0.0124,0.0124,-0.3706,-0.0001
2025-04-22,BRK-B,4768500,0.0127569332939591,1,0.0205549602475637,1,0.9119,0.9137,-0.0014,-0.4118
2025-04-22,TSLA,120858500,0.0303515513641308,1,0.0560269605406115,3,-0.6837,0.9939,-0.4999,0.0
2025-04-22,AMZN,56607200,0.0196054545340207,1,0.0437444357302702,3,-0.1583,0.3077,-0.4913,0.3313
2025-04-23,GOOGL,31128800,-0.0016708084687113,1,0.0239059263936256,2,0.514,0.5162,-0.0007,-0.0
2025-04-23,JPM,14126800,0.0027474967061671,1,0.0282657282975135,1,-0.0,0.0,-0.0001,0.3333
2025-04-23,AAPL,52929200,-0.0067960868761377,1,0.0252427036322435,2,-0.4854,0.5159,-0.0,-0.0171
2025-04-23,TSLA,150381900,-0.0161657188547466,1,0.058934393373928,1,-0.0,0.0,-0.6837,-0.4999
2025-04-24,GOOGL,45894000,0.0200448607438785,1,0.0243355952628274,7,0.9926,0.9926,0.514,-0.0007
2025-04-24,AAPL,47311000,0.0169847027083103,1,0.0287471297144531,1,0.003,0.0032,-0.4854,-0.0
2025-04-24,META,13910000,0.0277987478808952,1,0.0316157250044476,1,-0.0,0.0,-0.0124,-0.3706
2025-04-24,BRK-B,3173400,0.0091684233636939,-1,0.0189252895436411,1,-0.0047,0.0047,0.9119,-0.0014
2025-04-24,AMZN,43763200,0.0310634267856861,1,0.0362591912656168,1,-0.2722,0.2743,-0.1583,-0.4913
2025-04-25,GOOGL,56034000,-0.0188404947740936,-1,0.030653738370801,5,0.6745,0.6747,0.9926,0.514
2025-04-25,BRK-B,2742800,-0.0014856192333685,-1,0.0106253397537611,1,-0.0189,0.0197,-0.0047,0.9119
2025-04-28,GOOGL,29745800,-0.011204778350649,-1,0.0280119928469784,1,1.0,1.0,0.6745,0.9926
2025-04-28,AMZN,33224700,-0.0126768905074536,-1,0.0280364095205019,2,-0.0,0.0,-0.2722,-0.1583
2025-04-28,BRK-B,4238700,-0.0050409505027682,1,0.0191893074614943,1,0.8064,0.8432,-0.0189,-0.0047
2025-04-28,TSLA,151731800,-0.0107274066913309,1,0.0776523325860409,1,1.0,1.0,-0.0,-0.6837
2025-04-29,GOOGL,26809000,-0.0009980267889197,-1,0.0200848370359117,1,-0.0,0.0,1.0,0.6745
2025-04-29,META,11835000,0.0154578799293155,-1,0.0228022201593978,1,-0.0001,0.0001,-0.0,-0.0124
2025-04-29,MSFT,14974000,0.0070023532773602,1,0.0120623597443103,1,-0.0,0.0,0.9993,1.0
2025-04-29,AMZN,41667300,0.01847923145266,-1,0.0235883008158337,1,-0.0434,0.0434,-0.0,-0.2722
2025-04-30,MSFT,36461100,0.0127082298944043,1,0.031309253402245,3,0.6057,0.6069,-0.0,0.9993
2025-04-30,BRK-B,5251600,0.0032736735007912,-1,0.0220503292276528,1,-0.0007,0.0007,0.8064,-0.0189
2025-04-30,AMZN,55176500,0.0123511007444449,1,0.0340341275213291,1,0.0,0.0,-0.0434,-0.0
2025-04-30,META,29244000,0.0196879181004373,1,0.036404113479133,3,0.333,0.3336,-0.0001,-0.0
2025-04-30,GOOGL,34981100,0.0051905769489509,1,0.0244968380848102,1,0.001,0.001,-0.0,1.0
2025-05-01,MSFT,58938100,-0.0132448601264053,1,0.0280438791693295,2,0.6385,0.641,0.6057,-0.0
2025-05-01,BRK-B,4693100,-0.0014501309439736,1,0.009359758452507,1,0.0919,0.0923,-0.0007,0.8064
2025-05-01,META,31159000,-0.0335596448852493,1,0.0379171928777063,6,0.6618,0.67,0.333,-0.0001
2025-05-01,AMZN,74266000,-0.0022557201046847,-1,0.0226092296500922,4,-0.0027,0.9972,0.0,-0.0434
2025-05-01,AAPL,57365700,0.0202793450164123,-1,0.0270709948944943,1,-1.0,1.0,0.003,-0.4854
2025-05-02,AAPL,101010600,-0.0035906169514495,-1,0.0234363720553215,3,-0.9772,0.9777,-1.0,0.003
2025-05-02,MSFT,30757400,0.0081993992333213,1,0.0218882022068448,1,-0.0,0.0,0.6385,0.6057
2025-05-02,TSLA,114454700,0.0081080997124663,-1,0.0525447579551103,1,0.4746,0.4775,1.0,-0.0
2025-05-02,BRK-B,4945600,0.0056823247190847,-1,0.0126874663411155,2,0.0002,0.0004,0.0919,-0.0007
2025-05-02,AMZN,77903500,-0.0076264453366482,-1,0.0338487824053983,2,-0.0,0.0,-0.0027,0.0
2025-05-02,META,24739300,0.0232406626811342,1,0.0445789064993453,2,0.4949,0.5012,0.6618,0.333
2025-05-05,JPM,5450700,0.0054940875987435,-1,0.0181941534257373,1,1.0,1.0,-0.0,-0.0001
2025-05-05,BRK-B,16380200,-0.0152476396231377,1,0.0353407250400803,7,-0.2917,0.2922,0.0002,0.0919
2025-05-05,META,13887700,0.0136159961216318,-1,0.0256419521175138,1,0.9914,0.9915,0.4949,0.6618
2025-05-05,MSFT,20136100,0.0076235783209078,-1,0.0170721342014867,1,0.0,0.0,-0.0,0.6385
2025-05-06,AMZN,29314100,0.0023838498410215,1,0.0221053606239429,1,-0.9579,0.9879,-0.0,-0.0027
2025-05-06,BRK-B,6088600,0.0054163505032762,1,0.0152285449576855,4,0.4993,0.5006,-0.2917,0.0002
2025-05-07,MSFT,23295300,-0.0011294261444566,1,0.0161580532564946,1,0.0011,0.0014,0.0,-0.0
2025-05-07,GOOGL,127490100,-0.0774012482113376,1,0.1045831513323494,6,-0.6096,0.6109,0.001,-0.0
2025-05-07,AAPL,68536700,-0.014660833437717,1,0.0310789903013182,1,1.0,1.0,-0.9772,-1.0
2025-05-07,META,13139100,0.0109255579088583,1,0.0277966572716057,1,0.0,0.0,0.9914,0.4949
2025-05-07,BRK-B,5573800,0.0062132558939892,-1,0.014077122684665,2,-0.0001,0.0001,0.4993,-0.2917
2025-05-08,AMZN,41043600,0.0033955450041432,1,0.0287833396941514,1,0.0039,0.004,-0.9579,-0.0
2025-05-08,UNH,7218300,-0.0114102877103365,-1,0.0142308161808894,1,-0.4093,0.4097,-0.9854,-0.685
2025-05-08,MSFT,23491300,0.0005480801862565,1,0.0182906169926459,1,1.0,1.0,0.0011,0.0
2025-05-08,GOOGL,57498700,-0.0046451691658265,-1,0.01954837922127,3,-0.9646,0.972,-0.6096,0.001
2025-05-08,BRK-B,5018600,-0.0148373848488285,1,0.0157780184391832,2,-0.5,0.5,-0.0001,0.4993
2025-05-09,TSLA,132387800,0.0277385980757762,1,0.0587161333056981,1,-0.0269,0.027,0.4746,1.0
2025-05-09,META,10427300,-0.0186013069199466,1,0.025276534603777,1,0.0,0.0,0.0,0.9914
2025-05-09,BRK-B,3621400,-0.0009917545272241,1,0.0110062676607316,3,-0.2488,0.3275,-0.5,-0.0001
2025-05-09,GOOGL,32435300,-0.0092105998949886,1,0.0184861265963853,2,-0.5474,0.5714,-0.9646,-0.6096
2025-05-09,AAPL,36453900,-0.0023618151794126,1,0.0150753768844221,1,-0.7464,0.9823,1.0,-0.9772
2025-05-12,UNH,11004800,-0.0059055118110235,-1,0.027217834953248,1,-0.0023,0.0023,-0.4093,-0.9854
2025-05-12,BRK-B,6368000,-0.0115318088425315,-1,0.0193157563497151,2,-0.5001,0.5001,-0.2488,-0.5
2025-05-12,AMZN,75205000,-0.0098239630689666,1,0.0280480445816453,1,-0.008,0.0109,0.0039,-0.9579
2025-05-12,META,21965100,0.0134882552401844,1,0.0306853259937391,1,0.9521,0.9528,0.0,0.0
2025-05-13,BRK-B,4504100,-0.0072919278155489,-1,0.0076604066690291,1,0.0455,0.046,-0.5001,-0.2488
2025-05-13,GOOGL,42382100,0.0046602778792906,1,0.0277725539931393,3,0.1616,0.1711,-0.5474,-0.9646
2025-05-13,JPM,8589000,0.0075853771428097,1,0.0125656008682362,1,1.0,1.0,1.0,-0.0
2025-05-13,AAPL,51909300,0.0118804357126594,-1,0.0209095378493105,1,0.0001,0.0001,-0.7464,1.0
2025-05-13,UNH,59478300,-0.072556103115858,-1,0.097992478862936,2,-0.5,0.5001,-0.0023,-0.4093
2025-05-13,TSLA,136992600,0.0439687728881835,1,0.0649687767028808,1,-0.0007,0.0017,-0.0269,0.4746
2025-05-14,MSFT,19902800,0.0107109109565551,1,0.012853079528204,2,0.5108,0.5208,1.0,0.0011
2025-05-14,META,12348200,-0.0027979561101847,-1,0.0126434643664675,1,0.9486,0.9692,0.9521,0.0
2025-05-14,UNH,40029600,-0.0418105519708306,-1,0.0492456571432584,1,-0.9998,0.9998,-0.5,-0.0023
2025-05-14,TSLA,136997300,0.0151240662066605,-1,0.037956204379562,1,-0.7317,0.7444,-0.0007,-0.0269
2025-05-15,UNH,121849200,-0.0020006831763548,1,0.1010185144788647,7,-0.4275,0.7093,-0.9998,-0.5
2025-05-15,BRK-B,5040900,0.0098530627042128,1,0.0162426919519076,3,-0.0003,0.001,0.0455,-0.5001
2025-05-15,TSLA,97882600,0.0072868631750996,1,0.0335547204284404,1,-0.0003,0.0004,-0.7317,-0.0007
2025-05-15,META,14341800,-0.0158953719330833,-1,0.0286268564377217,1,-0.0145,0.0188,0.9486,0.9521
2025-05-16,JPM,8932900,0.0002242899386681,-1,0.0140186915887851,1,-0.0,0.0001,1.0,1.0
2025-05-16,META,18519000,0.0037306489448243,1,0.022399488267552,1,0.7247,0.7341,-0.0145,0.9486
2025-05-16,AMZN,43318500,-0.0060914175897797,1,0.011989417032393,1,0.3504,0.3507,-0.008,0.0039
2025-05-16,BRK-B,4997300,0.0091831184014712,-1,0.0147754826535506,3,-0.0002,0.0002,-0.0003,0.0455
2025-05-16,MSFT,23849800,0.0049109640098472,1,0.0124543181445958,1,0.8658,0.8659,0.5108,1.0
2025-05-19,TSLA,88869900,0.0172167967739751,1,0.0286351627486257,3,-0.2432,0.2457,-0.0003,-0.7317
2025-05-19,BRK-B,3441500,-0.0023947285550465,-1,0.007184245081787,1,0.0019,0.002,-0.0002,-0.0003
2025-05-19,AAPL,46140500,0.0041844793509858,-1,0.0251070228885502,1,-0.9993,0.9993,0.0001,-0.7464
2025-05-19,JPM,12145000,-0.0025230010956679,1,0.024063321190658,4,0.2237,0.7323,-0.0,1.0
2025-05-19,UNH,62524700,0.0364866162536324,1,0.0624733708412075,1,1.0,1.0,-0.4275,-0.9998
2025-05-19,GOOGL,30426100,0.0123396683914697,-1,0.0147103413151276,3,-0.2631,0.4172,0.1616,-0.5474
2025-05-20,TSLA,131715500,-0.0116422452347591,-1,0.0384051097797667,1,-0.0022,0.0036,-0.2432,-0.0003
2025-05-20,GOOGL,46607700,-0.0147208859944792,1,0.0336478180013193,2,-0.4903,0.4903,-0.2631,0.1616
2025-05-20,JPM,8436300,0.0120371925733426,-1,0.0166083195627191,4,-0.4618,0.4921,0.2237,-0.0
2025-05-21,GOOGL,73416000,0.0297513290033138,1,0.0585252714776144,3,0.0001,0.6667,-0.4903,-0.2631
2025-05-21,BRK-B,3815800,-0.000748910900593,-1,0.009065659073168,2,-0.0,0.0,0.0019,-0.0002
2025-05-21,UNH,45506900,0.00657810958913,-1,0.0328570901357454,3,-0.339,0.3391,1.0,-0.4275
2025-05-21,TSLA,102354800,-0.0284818330784221,1,0.0439856987447239,2,0.283,0.4907,-0.0022,-0.2432
2025-05-21,AMZN,42460900,-0.0024304622373921,1,0.0168642882048525,1,0.0034,0.0056,0.3504,-0.008
2025-05-22,META,8228400,0.003974480844991,-1,0.0197775857878232,1,0.9975,0.9975,0.7247,-0.0145
2025-05-22,BRK-B,3244800,-0.0030291006945331,-1,0.0094238352613905,4,0.2499,0.25,-0.0,0.0019
2025-05-22,MSFT,18025600,-0.0001978829608817,-1,0.0139575907970871,1,0.9975,0.9975,0.8658,0.5108
2025-05-22,AMZN,38938900,0.0085410724947793,-1,0.0278080778078507,5,0.3936,0.3938,0.0034,0.3504
2025-05-23,GOOGL,35211400,-0.0034898636366425,1,0.0122442171661651,1,-0.0,0.0,0.0001,-0.4903
2025-05-23,TSLA,84654800,0.0042021272896875,1,0.0295040270612301,1,0.3648,0.3721,0.283,-0.0022
2025-05-23,BRK-B,3166800,0.0048900853110684,1,0.010478832553577,1,-0.3945,0.3959,0.2499,-0.0
2025-05-23,AAPL,78432900,0.0082615072992352,1,0.0218928604041,1,-0.5819,0.6182,-0.9993,0.0001
2025-05-23,AMZN,33393500,0.0105078514872525,1,0.0227249328927797,1,1.0,1.0,0.3936,0.0034
2025-05-23,JPM,6671800,0.0151863008977855,1,0.0233245990861719,1,0.2419,0.2421,-0.4618,0.2237
2025-05-27,TSLA,120146400,0.0447387599592864,-1,0.047416153537636,1,-0.0002,0.0003,0.3648,0.283
2025-05-27,AMZN,34892000,0.0144271406145259,-1,0.0221576644893583,1,0.9999,0.9999,1.0,0.3936
2025-05-27,GOOGL,37995700,0.0161024340350618,-1,0.0186295139910789,1,1.0,1.0,-0.0,0.0001
2025-05-27,JPM,7506600,0.0124026862082888,-1,0.0126316495598279,1,-0.0,0.0,0.2419,-0.4618
2025-05-27,UNH,20144600,-0.0150250417362271,1,0.0361269025850375,2,0.2267,0.7808,-0.339,1.0
2025-05-27,AAPL,56288500,0.0096318892219626,1,0.0166919453678419,1,-1.0,1.0,-0.5819,-0.9993
2025-05-28,TSLA,91404300,-0.0217629714973814,1,0.0249150214590838,1,1.0,1.0,-0.0002,0.3648
2025-05-28,AMZN,28549800,-0.0058274910592105,1,0.0157828284231702,1,0.9108,0.9109,0.9999,1.0
2025-05-28,UNH,16114200,0.0139795420121172,1,0.0357142857142857,2,0.4761,0.4827,0.2267,-0.339
2025-05-28,AAPL,45339700,-0.0008474907624952,-1,0.0141083896640966,2,0.4994,0.5008,-1.0,-0.5819
2025-05-29,TSLA,88087800,-0.0187796427733309,-1,0.0320566979144136,2,0.3902,0.3905,1.0,-0.0002
2025-05-29,MSFT,13974800,-0.0062181674641812,1,0.0138879944353602,1,0.9978,1.0,0.9975,0.8658
2025-05-29,META,8858800,-0.0101281920875062,1,0.0212077139667801,1,-0.0,0.0,0.9975,0.7247
2025-05-29,UNH,16221100,0.0046159895253139,1,0.0282345189604855,2,0.5603,0.9576,0.4761,0.2267
2025-05-29,BRK-B,3656000,0.0043253822932167,-1,0.0106150309244791,4,-0.0101,0.4715,-0.3945,0.2499
2025-05-29,AMZN,34650000,-0.0112003165155359,-1,0.0220160643076948,1,-0.0001,0.0001,0.9108,0.9999
2025-05-30,BRK-B,9153100,-0.0024347492634135,-1,0.0109463741415552,2,-0.0041,0.0048,-0.0101,-0.3945
2025-05-30,TSLA,123474900,-0.0254837923001998,-1,0.051727004666824,2,0.0017,0.9997,0.3902,1.0
2025-05-30,GOOGL,52639900,0.0022760395433708,-1,0.0278377829153929,2,0.5,0.5001,1.0,-0.0
2025-05-30,MSFT,34770500,0.0013921172217001,1,0.0133559212445744,1,1.0,1.0,0.9978,0.9975
2025-05-30,JPM,10977700,0.002087636240216,1,0.0098689522317968,2,-0.4516,0.452,-0.0,0.2419
2025-05-30,AMZN,51679400,0.0008299071079111,1,0.0209432172506261,2,0.646,0.6475,-0.0001,0.9108
2025-05-30,UNH,16309300,0.0132228158044941,1,0.032889278351508,1,-0.0009,0.0013,0.5603,0.4761
2025-06-02,BRK-B,4914000,0.0022124483248058,-1,0.007494537919352,2,0.0,0.0004,-0.0041,-0.0101
2025-06-02,AMZN,29113300,0.0081471275429485,-1,0.0210752630220606,1,1.0,1.0,0.646,-0.0001
2025-06-02,UNH,19074400,0.0052784578031451,-1,0.0415016718623334,3,0.3031,0.3054,-0.0009,0.5603
2025-06-02,META,15766300,0.0411396967100556,-1,0.0450038010223073,1,0.0031,0.0032,-0.0,0.9975
2025-06-02,JPM,6011200,0.0062353232337496,1,0.011900254785007,1,-0.2058,0.2069,-0.4516,-0.0
2025-06-03,META,11585000,-0.0068508996015557,1,0.0157122460364417,4,0.5,0.5001,0.0031,-0.0
2025-06-03,TSLA,99324500,-0.0067224958130781,-1,0.0356606610903263,4,-0.0332,0.0332,0.0017,0.3902
2025-06-03,BRK-B,5923100,-0.0063273721112462,-1,0.0185229516552831,1,0.9997,0.9997,0.0,-0.0041
2025-06-03,GOOGL,45084900,-0.0078214387391388,1,0.0191055993987222,1,-0.8847,0.8865,0.5,1.0
2025-06-04,META,14031900,0.0278342267957757,-1,0.0305235051279214,4,0.7027,0.7027,0.5,0.0031
2025-06-04,AAPL,43604000,-0.0004435283439277,-1,0.0204031310183332,1,-1.0,1.0,0.4994,-1.0
2025-06-04,AMZN,29915600,0.0032921455615319,1,0.0145243280352227,2,0.4966,0.4985,1.0,0.646
2025-06-04,MSFT,14162700,-0.0002801829370959,1,0.0057543392839102,1,-0.0,0.0,1.0,0.9978
2025-06-04,BRK-B,5297600,-0.0119531581523397,-1,0.012295217373415,2,-0.3806,0.4246,0.9997,0.0
2025-06-04,TSLA,98912100,-0.037815178440282,-1,0.052941232130172,4,-0.0094,0.0095,-0.0332,0.0017
2025-06-05,TSLA,287499800,-0.117181863535917,1,0.1591987283096086,5,0.004,0.4086,-0.0094,-0.0332
2025-06-05,BRK-B,5154900,-0.0040957916772796,1,0.0110035535333354,1,-0.0004,0.0005,-0.3806,0.9997
2025-06-05,META,13083100,-0.0101783799853813,1,0.0175375261744078,2,0.0163,0.0168,0.7027,0.5
2025-06-05,JPM,8173800,-0.0105385590778097,1,0.0167333717579249,1,1.0,1.0,-0.2058,-0.4516
2025-06-06,UNH,12589000,0.0201527100661801,-1,0.0243583100102437,1,-0.0002,0.0002,0.3031,-0.0009
2025-06-06,BRK-B,3948300,0.0038646825409634,-1,0.0090922058790301,2,-0.0,0.0,-0.0004,-0.3806
2025-06-06,AMZN,39832500,0.0055085379536526,1,0.0158662674860052,2,-0.499,0.499,0.4966,1.0
2025-06-06,TSLA,164747700,-0.0123480644166738,1,0.0480540307091632,5,-0.1471,0.7371,0.004,-0.0094
2025-06-06,JPM,7738100,0.0052965024219063,1,0.0090416685668237,2,0.2292,0.23,1.0,-0.2058
2025-06-09,GOOGL,28935900,0.0088805036746896,1,0.0120316614202739,1,-0.0,0.0,-0.8847,0.5
2025-06-09,MSFT,16469900,0.0064934803357518,-1,0.0102405736290967,1,-0.0207,0.0208,-0.0,1.0
2025-06-09,META,12773200,-0.0062996081030316,1,0.0161068631648044,2,0.0,0.0003,0.0163,0.7027
2025-06-09,TSLA,140908900,0.079101957592347,1,0.0978457871899377,4,0.0004,0.5011,-0.1471,0.004
2025-06-09,BRK-B,3987500,-0.0007494948868068,-1,0.0114441842349298,1,-0.0,0.0002,-0.0,-0.0004
2025-06-09,AAPL,72862600,-0.0143842773628148,1,0.0292577706609746,2,0.5142,0.5173,-1.0,0.4994
2025-06-09,AMZN,38102500,0.0103841477417418,1,0.0231431954398281,1,0.377,0.379,-0.499,0.4966
2025-06-09,UNH,12170300,-0.0060647982287319,1,0.0205218301622391,1,-0.0001,0.0001,-0.0002,0.3031
2025-06-09,JPM,8285000,0.0027819181743419,1,0.0171052172667998,1,-0.0,0.0,0.2292,1.0
2025-06-10,JPM,7538100,0.0102301834314391,-1,0.0114712943318659,1,-0.0849,0.6555,-0.0,0.2292
2025-06-10,TSLA,151256500,0.0354035492793863,1,0.0544864831761847,2,0.4975,0.5024,0.0004,-0.1471
2025-06-10,META,10850100,0.0014971823835135,-1,0.0166393146309111,2,0.012,0.0123,0.0,0.0163
2025-06-10,BRK-B,3951500,-0.0031055875612468,-1,0.0069012988089373,2,-0.0,0.0,-0.0,-0.0
2025-06-10,AAPL,54672600,0.0103190030032278,-1,0.0188434629326295,1,0.0372,0.0383,0.5142,-1.0
2025-06-10,UNH,11384100,-3.284808574006858e-05,1,0.0149111223216503,1,-0.9936,0.9974,-0.0001,-0.0002
2025-06-10,MSFT,15375900,-0.0005729939350855,1,0.0123941431431726,2,0.5186,0.5192,-0.0207,-0.0
2025-06-10,GOOGL,61766100,0.013620937553015,-1,0.0351872704632531,2,0.3362,0.659,-0.0,-0.8847
2025-06-11,GOOGL,31646800,-0.013461634930361,-1,0.0201368138797005,2,0.3754,0.3767,0.3362,-0.0
2025-06-11,TSLA,122611400,-0.0238337361428609,-1,0.0388755987956872,7,-0.125,0.4121,0.4975,0.0004
2025-06-11,META,9582500,-0.0135993619891782,-1,0.023987159988846,2,0.9308,0.931,0.012,0.0
2025-06-12,BRK-B,3535200,0.0084320627382773,-1,0.0136969475893975,3,-0.3063,0.3288,-0.0,-0.0
2025-06-12,AAPL,43904600,0.0006027482222415,-1,0.0116535666269409,1,0.0002,0.0003,0.0372,0.5142
2025-06-13,MSFT,16814500,-0.0030436225013856,1,0.0134757516861664,1,0.0003,0.0003,0.5186,-0.0207
2025-06-13,TSLA,128964300,0.0361180886511487,1,0.0627130055892355,2,0.4981,0.502,-0.125,0.4975
2025-06-13,AMZN,29337800,0.0101924143704416,1,0.0210992941175102,1,0.0028,0.0113,0.377,-0.499
2025-06-13,META,9274400,-0.007384282287526,1,0.0197107308932105,2,0.4999,0.4999,0.9308,0.012
2025-06-16,TSLA,83925900,-0.0065199782860837,-1,0.0170243109824865,1,1.0,1.0,0.4981,-0.125
2025-06-16,BRK-B,3937600,0.0010209707160747,-1,0.0067588211552061,1,0.0042,0.0051,-0.3063,-0.0
2025-06-16,AMZN,33284200,0.0178512956926387,-1,0.0257170718188683,2,0.0132,0.0135,0.0028,0.377
2025-06-16,JPM,8566000,0.0125842147998595,-1,0.0182771718457397,1,1.0,1.0,-0.0849,-0.0
2025-06-16,UNH,14240100,-0.0170606911753692,1,0.0270925893570287,3,-0.3329,0.333,-0.9936,-0.0001
2025-06-16,META,13720300,0.0039895013214987,-1,0.0195044032361121,3,0.6229,0.6239,0.4999,0.9308
2025-06-17,BRK-B,3956300,-0.0115106510475096,1,0.0125738465389617,2,0.0002,0.0008,0.0042,-0.3063
2025-06-17,AMZN,32086300,-0.0017657510660412,-1,0.01324352297366,1,-0.0,0.0,0.0132,0.0028
2025-06-17,UNH,11593900,0.0046185814076339,-1,0.0144089218327182,1,-0.0,0.0,-0.3329,-0.9936
2025-06-17,JPM,6739300,0.0050340288561058,1,0.010403879648064,2,0.0001,0.0001,1.0,-0.0849
2025-06-18,AMZN,44360500,-0.0119484499938919,-1,0.0261286460163768,2,-0.0259,0.0285,-0.0,0.0132
2025-06-18,BRK-B,4893600,0.0021483340876048,-1,0.0081594962966942,1,0.0,0.0,0.0002,0.0042
2025-06-18,UNH,12205600,-0.0011379469999298,-1,0.0180783540213845,2,0.4866,0.4869,-0.0,-0.3329
2025-06-18,TSLA,95137700,0.0149380425162926,1,0.0437111822000701,2,-0.9971,0.9971,1.0,0.4981
2025-06-18,META,10068300,-0.0034517934770587,-1,0.0095820598006063,4,0.2398,0.2402,0.6229,0.4999
2025-06-20,JPM,13969700,-0.0020684664842647,1,0.01266462293289,2,0.0,0.0001,0.0001,1.0
2025-06-20,META,22538600,-0.0262576160029432,1,0.03303606766188,1,-0.0001,0.0001,0.2398,0.6229
2025-06-20,GOOGL,75659900,-0.0420235566935295,-1,0.0510490933015976,3,-0.0184,0.0186,0.3754,0.3362
2025-06-20,AMZN,75350700,-0.0232438531983327,-1,0.0308365723078131,2,0.0005,0.0009,-0.0259,-0.0
2025-06-20,BRK-B,7620400,-0.0002062194061208,1,0.0067017216582985,3,0.3174,0.3394,0.0,0.0002
2025-06-20,TSLA,108688000,-0.0176551557536357,1,0.0444579540465497,1,-0.0055,0.0056,-0.9971,1.0
2025-06-23,GOOGL,57671000,-0.0064954700385099,1,0.0321164142700097,1,0.0326,0.0812,-0.0184,0.3754
2025-06-23,JPM,8094600,0.0116701500893249,1,0.0234130825949503,1,0.0,0.0,0.0,0.0001
2025-06-23,MSFT,24864000,0.016289932632354,1,0.0318688243798573,1,1.0,1.0,0.0003,0.5186
2025-06-23,UNH,12274700,-0.004041077328148,1,0.0230209087364682,1,0.0205,0.0261,0.4866,-0.0
2025-06-23,TSLA,190716800,0.0645416852273179,-1,0.0917750405275178,4,0.0133,0.0137,-0.0055,-0.9971
2025-06-23,BRK-B,4141000,0.0048411180440283,1,0.0139672831604546,2,0.0002,0.0003,0.3174,0.0
2025-06-24,META,13823200,0.0103704087257351,-1,0.0157187885479833,2,0.6135,0.6159,-0.0001,0.2398
2025-06-24,GOOGL,40524300,-0.0008985975205472,1,0.0125209463264868,2,0.604,0.6051,0.0326,-0.0184
2025-06-24,MSFT,22305600,0.0023723757348841,1,0.0103282916135987,3,0.884,0.9405,1.0,0.0003
2025-06-24,AMZN,38378800,0.0029697599916333,-1,0.0155085947751415,1,1.0,1.0,0.0005,-0.0259
2025-06-24,UNH,8781400,0.0138330825718872,-1,0.0215293431386423,1,0.8967,0.9993,0.0205,0.4866
2025-06-24,TSLA,114736200,-0.0440801067331198,-1,0.0444170107751886,4,-0.4645,0.4655,0.0133,-0.0055
2025-06-24,AAPL,54064000,-0.01130358520918,1,0.015992919451759,2,0.0204,0.0355,0.0002,0.0372
2025-06-24,BRK-B,5111700,0.0082749695996456,-1,0.0180822093422461,1,1.0,1.0,0.0002,0.3174
2025-06-25,AMZN,31755700,-0.0122541686881849,1,0.0229242301783617,4,0.5,0.5001,1.0,0.0005
2025-06-25,BRK-B,4260600,-0.0167644257733506,-1,0.0199393030365267,4,-0.136,0.1363,1.0,0.0002
2025-06-25,UNH,8722100,-0.0077535180737291,1,0.0150470366527759,1,0.0207,0.0281,0.8967,0.0205
2025-06-25,TSLA,119845100,-0.0442078315565104,-1,0.0659469077866929,2,-0.346,0.6546,-0.4645,0.0133
2025-06-25,META,9320400,-0.0065048149509263,1,0.015701245012101,2,0.6298,0.6521,0.6135,-0.0001
2025-06-26,BRK-B,4212900,-0.0030624835075932,1,0.0076664013664227,1,-0.0006,0.0011,-0.136,1.0
2025-06-26,AAPL,50799100,-0.0021347003495817,1,0.0157870862900725,2,0.4563,0.4564,0.0204,0.0002
2025-06-26,AMZN,50480800,0.0187687691987818,1,0.0282939138393896,2,0.5,0.5,0.5,1.0
2025-06-26,JPM,8942100,0.0142254570401059,-1,0.0173516060048988,1,0.0995,0.1249,0.0,0.0
2025-06-26,MSFT,21578900,0.0090673072357635,-1,0.0106089717022486,2,1.0,1.0,0.884,1.0
2025-06-26,GOOGL,31796700,0.006437398698025,1,0.0217479566159414,1,-0.0,0.0,0.604,0.0326
2025-06-26,META,13964800,0.0164203507257387,1,0.0240354768775384,2,0.147,0.1523,0.6298,0.6135
2025-06-27,MSFT,34539200,-0.0032358263311473,1,0.012601726796305,1,1.0,1.0,1.0,0.884
2025-06-27,BRK-B,6129300,-0.0001852653311773,1,0.010869339190792,1,0.0,0.0,-0.0006,-0.136
2025-06-27,AAPL,73188600,-0.0040120737086656,1,0.0159492854051107,2,0.4919,0.5082,0.4563,0.0204
2025-06-27,GOOGL,108140200,0.0287542104772156,-1,0.04004838779026,4,-0.1698,0.6893,-0.0,0.604
2025-06-27,TSLA,89067000,-0.0027117958039201,-1,0.0364857661754162,1,0.022,0.0534,-0.346,-0.4645
2025-06-27,JPM,17868600,0.0045484335890043,1,0.0128057230095985,2,0.326,0.333,0.0995,0.0
2025-06-27,META,18775700,0.0097863584766044,1,0.013172393143954,1,0.0006,0.0006,0.147,0.6298
2025-06-27,AMZN,119217100,0.0153692475034304,-1,0.0298290178847412,2,0.4957,0.4961,0.5,0.5
2025-06-30,GOOGL,63378900,-0.0251687304042558,-1,0.0367850090794775,1,1.0,1.0,-0.1698,-0.0
2025-06-30,AMZN,58887800,-0.0184771152642705,1,0.0210272553560894,5,0.3958,0.3968,0.4957,0.5
2025-06-30,BRK-B,6384300,-0.0002675548146645,1,0.0086643167482215,3,0.3858,0.3881,0.0,-0.0006
2025-06-30,AAPL,91912800,0.0156428085146174,1,0.0402455576649072,2,0.9902,0.9902,0.4919,0.4563
2025-06-30,META,15402100,-0.0086763293847454,-1,0.0183332544998416,4,0.4975,0.5812,0.0006,0.147
2025-07-01,GOOGL,35904500,0.0005689703061404,1,0.0145669595913,2,-0.1238,0.3546,1.0,-0.1698
2025-07-01,AAPL,78788900,0.0055644707285154,1,0.0195964730615958,1,-0.0004,0.0007,0.9902,0.4919
2025-07-01,UNH,17865500,0.0454210769378104,-1,0.0495881051388619,1,0.0107,0.0185,0.0207,0.8967
2025-07-01,JPM,9338300,-0.001650145973241,1,0.0156073028165261,1,0.9981,0.9982,0.326,0.0995
2025-07-01,META,13431200,-0.0239659565501387,-1,0.0303713016156159,1,0.9999,0.9999,0.4975,0.0006
2025-07-01,TSLA,145085700,0.007538698868919,1,0.0424848340025094,5,-0.2073,0.5279,0.022,-0.346
2025-07-01,BRK-B,4776000,0.0078841998062701,-1,0.0150068108263837,1,0.005,0.0097,0.3858,0.0
2025-07-01,AMZN,39256800,0.0043736068968892,-1,0.0179954998042425,7,0.2857,0.2857,0.3958,0.4957
2025-07-02,TSLA,119483700,0.0096599461552127,-1,0.0416146212610769,4,-0.932,0.9883,-0.2073,0.022
2025-07-02,AMZN,30894200,0.0008647087111486,1,0.0115596804911034,2,-0.0001,0.0001,0.2857,0.3958
2025-07-02,JPM,8158700,-0.0001369967941078,1,0.0106834509858177,2,0.6484,0.6485,0.9981,0.326
2025-07-02,UNH,18177200,-0.0410924520704456,1,0.0498535300829456,1,-0.9999,1.0,0.0107,0.0207
2025-07-02,AAPL,67941800,0.016897222332188,1,0.0248910863869052,1,1.0,1.0,-0.0004,0.9902
2025-07-03,UNH,6161100,-0.0041634668221307,-1,0.0129744031151096,1,-0.0005,0.0007,-0.9999,0.0107
2025-07-03,TSLA,58042300,-0.0083020982167192,-1,0.0178936526813703,1,-1.0,1.0,-0.932,-0.2073
2025-07-03,JPM,6541600,0.0131781830701655,-1,0.0177648555530869,1,-0.9994,0.9994,0.6484,0.9981
2025-07-03,AMZN,29632400,0.0071679572869485,1,0.0119465954782476,2,0.032,0.0324,-0.0001,0.2857
2025-07-03,GOOGL,21689700,0.0057703012845762,-1,0.0146778437937675,1,-0.0021,0.0047,-0.1238,1.0
2025-07-03,MSFT,13984800,0.0101861015454634,-1,0.0135477257942969,2,-0.0,0.0,1.0,1.0
2025-07-07,MSFT,13981600,0.0006835746000097,-1,0.0070770617618639,2,0.4998,0.4999,-0.0,1.0
2025-07-07,AAPL,50229000,-0.0128361661724371,1,0.0349350805513137,1,0.0289,0.0935,1.0,-0.0004
2025-07-07,TSLA,131177900,0.0088204254634562,1,0.0253286371503157,4,-0.6692,0.6693,-1.0,-0.932
2025-07-07,BRK-B,4674400,-0.0131910624485186,-1,0.0191569268858897,3,0.6663,0.6665,0.005,0.3858
2025-07-07,AMZN,36604100,0.0021076287923906,-1,0.0086098572598444,2,0.4168,0.4187,0.032,-0.0001
2025-07-07,GOOGL,34175600,-0.0126773388998742,-1,0.0202167453665466,2,-0.4998,0.5002,-0.0021,-0.1238
2025-07-08,JPM,15440900,-0.0224357537278721,1,0.0324610744462457,1,-0.9946,0.9951,-0.9994,0.6484
2025-07-08,MSFT,11846600,-0.0012468729976751,1,0.0082254584019698,2,0.919,0.9282,0.4998,-0.0
2025-07-08,TSLA,103246700,0.0027272645070496,-1,0.0326598710082596,1,-0.9998,0.9999,-0.6692,-1.0
2025-07-08,AMZN,45692000,-0.0203644051263044,1,0.0248749882536897,2,-0.0,0.0,0.4168,0.032
2025-07-08,META,7770700,-0.0012473140581328,1,0.0112254881767805,1,-0.0,0.0001,0.9999,0.4975
2025-07-09,AMZN,38155100,0.0066494138201126,-1,0.017279558234362,3,0.3333,0.3333,-0.0,0.4168
2025-07-09,BRK-B,3367400,0.0040042005494955,-1,0.0076729636522209,2,0.1849,0.185,0.6663,0.005
2025-07-09,TSLA,75586800,-0.0056124448955387,1,0.0221811674484349,2,-0.4624,0.4711,-0.9998,-0.6692
2025-07-09,META,11418000,0.0139197185653561,-1,0.0204921120130961,3,0.497,0.4973,-0.0,0.9999
2025-07-10,GOOGL,29252400,0.0113305823552347,1,0.0230597715673417,1,-0.0,0.0,-0.4998,-0.0021
2025-07-10,TSLA,104365300,0.0327279044283596,1,0.0349275501172798,2,0.4935,0.5066,-0.4624,-0.9998
2025-07-10,AAPL,44443600,0.0090257432181527,-1,0.0163887560603692,1,-0.0,0.0,0.0289,1.0
2025-07-10,UNH,11355600,-0.0117138118576088,1,0.0274862622562223,1,-0.0,0.0001,-0.0005,-0.9999
2025-07-10,AMZN,30370600,0.0032046555869929,1,0.0139471735288974,1,-0.0001,0.0002,0.3333,-0.0
2025-07-10,META,9913600,-0.0058915967883434,-1,0.0221447781796913,1,0.9995,0.9995,0.497,-0.0
2025-07-11,JPM,7384700,0.0046931787246126,1,0.0130639224217309,1,0.0,0.0002,-0.9946,-0.9994
2025-07-11,BRK-B,4416600,-0.0008189283956692,1,0.0114435951853674,1,-0.0,0.0,0.1849,0.6663
2025-07-11,GOOGL,34282900,0.0192319095219973,1,0.027999305029842,3,0.6667,0.6668,-0.0,-0.4998
2025-07-11,AMZN,50518300,0.006440658509764,1,0.0192772051314792,2,0.8627,0.981,-0.0001,0.3333
2025-07-11,TSLA,79236400,0.0182532555451811,1,0.027412394166285,1,-0.0003,0.0003,0.4935,-0.4624
2025-07-11,META,10873900,-0.0069065608780276,1,0.0213978698096886,1,-0.1345,0.138,0.9995,0.497
2025-07-11,UNH,9808200,0.0135991508541046,-1,0.0203986245626741,1,0.0059,0.0951,-0.0,-0.0005
2025-07-11,MSFT,16459500,0.0097297853263756,-1,0.0145044054178236,1,-0.0,0.0,0.919,0.4998
2025-07-14,JPM,9079900,0.0056780744808758,-1,0.0140731456587901,1,-1.0,1.0,0.0,-0.9946
2025-07-14,META,8939400,0.0046265432513538,-1,0.0159559818792943,3,0.3181,0.3182,-0.1345,0.9995
2025-07-14,GOOGL,32536600,0.0030385231117005,1,0.0220430120670125,1,0.0003,0.0011,0.6667,-0.0
2025-07-14,AAPL,38840100,-0.0062401638846189,1,0.0160530200235905,2,-0.9965,0.9965,-0.0,0.0289
2025-07-14,AMZN,35702600,0.0027546767539505,1,0.010752201938036,2,0.0413,0.0414,0.8627,-0.0001
2025-07-14,MSFT,12058800,0.002990907706291,1,0.0058621839723443,2,0.3335,0.6094,-0.0,0.919
2025-07-14,BRK-B,4294700,0.0041954591913614,-1,0.0098457019641219,2,-0.0,0.0,-0.0,0.1849
2025-07-14,TSLA,78043400,-0.0026123345643904,-1,0.031252926486093,3,0.6667,0.6671,-0.0003,0.4935
2025-07-15,TSLA,77556300,-0.0278403218856136,1,0.0334710099229862,3,-0.3331,0.3334,0.6667,-0.0003
2025-07-15,AMZN,34907300,0.0006631704566634,-1,0.0080017576614197,2,0.5,0.5,0.0413,0.8627
2025-07-15,JPM,12526100,-0.0050347646077472,-1,0.0224652820163304,2,1.0,1.0,-1.0,0.0
2025-07-15,UNH,16019000,-0.0266924701480932,1,0.032197771751399,2,1.0,1.0,0.0059,-0.0
2025-07-16,UNH,9714000,-0.0002050848097666,-1,0.0179114354914388,1,0.6103,0.7825,1.0,0.0059
2025-07-16,JPM,9979800,-0.0089458620903844,1,0.0267683820529971,3,0.3333,0.3334,1.0,-1.0
2025-07-16,GOOGL,33104200,-0.0014735006787096,1,0.012551860853571,2,-0.5011,0.5011,0.0003,0.6667
2025-07-16,META,13067600,-0.0146628286082286,-1,0.020606349121062,1,-1.0,1.0,0.3181,-0.1345
2025-07-16,BRK-B,3796900,0.0002334154259617,1,0.0085738719020805,2,-0.1013,0.1017,-0.0,-0.0
2025-07-17,META,11803300,-0.0042306697169658,1,0.0124789376335596,1,-0.95,0.9501,-1.0,0.3181
2025-07-17,GOOGL,31992600,0.0079060197992296,1,0.0196552203966801,1,0.9923,0.9923,-0.5011,0.0003
2025-07-17,TSLA,73922900,-0.0115735426427798,1,0.0225282343085203,2,-0.1881,0.1968,-0.3331,0.6667
2025-07-17,AAPL,48068100,-0.0026119724207017,1,0.0104953537398342,1,0.9929,0.994,-0.9965,-0.0
2025-07-17,MSFT,17503100,0.0119048007009242,-1,0.0153258980229596,2,0.5631,0.5649,0.3335,-0.0
2025-07-17,JPM,8509500,0.0227913893573069,1,0.0242026012294458,2,0.5,0.5,0.3333,1.0
2025-07-18,AMZN,37833800,0.004397288335471,1,0.0151905400116236,2,0.0004,0.001,0.5,0.0413
2025-07-18,BRK-B,4015800,-0.0004219666815005,1,0.0108439127604166,3,0.0001,0.0001,-0.1013,-0.0
2025-07-18,GOOGL,34014500,-0.0018338530155531,1,0.0146169986207831,2,0.0001,0.9998,0.9923,-0.5011
2025-07-18,AAPL,48974600,0.0014700885179111,1,0.009911302633308,1,-0.0003,0.0003,0.9929,-0.9965
2025-07-21,AAPL,51377400,0.0017915587604367,1,0.0195662129988764,3,-0.324,0.3242,-0.0003,0.9929
2025-07-21,JPM,7898100,-0.0001030885886491,1,0.012371154994899,1,-0.0,0.0,0.5,0.3333
2025-07-21,AMZN,40297600,0.015320610919115,-1,0.0178888089374451,2,0.9883,0.9883,0.0004,0.5
2025-07-21,MSFT,14066800,0.006611288823999,-1,0.0129068681746722,1,-0.0,0.0,0.5631,0.3335
2025-07-21,GOOGL,45803100,0.0206711737101509,1,0.0222281846424077,1,1.0,1.0,0.0001,0.9923
2025-07-21,BRK-B,3791300,0.0028961506266703,1,0.0134238246000551,4,0.0454,0.0476,0.0001,-0.1013
2025-07-22,BRK-B,4521500,0.0055310302477655,1,0.0171188530987118,4,-0.0375,0.0381,0.0454,0.0001
2025-07-22,UNH,14600300,0.0088454868796984,1,0.0180801233530787,2,0.9977,0.9995,0.6103,1.0
2025-07-22,TSLA,77370400,0.0071874664504688,1,0.0420331663723562,3,0.3356,0.3356,-0.1881,-0.3331
2025-07-22,GOOGL,44660200,-0.0008355282616678,-1,0.0218798286298547,1,-0.0,0.0,1.0,0.0001
2025-07-22,AMZN,37483700,-0.0096220460011846,1,0.0158916493072027,1,0.9052,0.9052,0.9883,0.0004
2025-07-23,BRK-B,4385600,0.0049557623796199,-1,0.0109318063508589,1,-0.0011,0.0014,-0.0375,0.0454
2025-07-23,GOOGL,58681900,-0.0066318760964017,1,0.0174935044570006,5,0.799,0.799,-0.0,1.0
2025-07-23,AMZN,28294900,-0.0007878843332102,1,0.0074407884586998,1,0.9994,1.0,0.9052,0.9883
2025-07-23,TSLA,92553800,0.0050166324954018,-1,0.022756116404319,1,-1.0,1.0,0.3356,-0.1881
2025-07-23,META,8771600,0.0102071464282116,1,0.0137321973952503,1,0.0023,0.0024,-0.95,-1.0
2025-07-24,META,10920800,-0.0031378565487817,-1,0.0134160731900954,1,0.0005,0.0012,0.0023,-0.95
2025-07-24,AMZN,42902300,0.0133525225074963,-1,0.0321158994159686,3,-0.0,0.0001,0.9994,0.9052
2025-07-24,GOOGL,74881700,-0.0246662977235029,1,0.0352738008998681,6,0.7313,0.8324,0.799,-0.0
2025-07-24,JPM,7001200,-0.0029252424029529,1,0.0113979691271957,2,0.9984,0.9984,-0.0,0.5
2025-07-24,TSLA,156966000,-0.0151613297001008,1,0.0314193233366935,4,-0.5013,0.5014,-1.0,0.3356
2025-07-24,BRK-B,5044800,-0.0042886594705114,1,0.0115399904059975,1,1.0,1.0,-0.0011,-0.0375
2025-07-24,UNH,22585200,-0.0159661583673624,1,0.0388201695423364,3,-0.0442,0.0444,0.9977,0.6103
2025-07-25,BRK-B,4220500,0.0049826516693558,-1,0.0109410776397908,3,0.0514,0.1574,1.0,-0.0011
2025-07-25,MSFT,19125700,0.0024197540156936,-1,0.0154740631239348,2,0.0009,0.003,-0.0,0.5631
2025-07-25,JPM,5918500,0.0064711251471621,-1,0.0099090068097294,2,0.007,0.0074,0.9984,-0.0
2025-07-25,AAPL,40268800,-0.003819245817816,1,0.0085701519461281,2,-0.0198,0.9802,-0.324,-0.0003
2025-07-25,TSLA,148227000,0.0237092944087414,1,0.0505927175333841,3,-0.0008,0.0008,-0.5013,-1.0
2025-07-25,AMZN,28712100,-0.0033588785427468,1,0.0055981528073555,2,0.4999,0.4999,-0.0,0.9994
2025-07-25,UNH,16486600,0.000213514443394,1,0.0220641003808941,1,-1.0,1.0,-0.0442,0.9977
2025-07-28,AMZN,26300100,-0.0023998834486183,-1,0.0087422036973414,2,-0.4699,0.4717,0.4999,-0.0
2025-07-28,JPM,5840400,0.0020828969614986,-1,0.0087683441492033,3,0.674,0.6742,0.007,0.9984
2025-07-28,UNH,15779400,-0.0048677420910493,-1,0.0187301501184964,1,-0.5932,0.5949,-1.0,-0.0442
2025-07-28,TSLA,112673800,0.0224210515219497,-1,0.0464750737184678,2,-0.0001,0.0001,-0.0008,-0.5013
2025-07-28,BRK-B,3626100,-0.0054712374586365,-1,0.011974786249366,2,-0.4992,0.4992,0.0514,1.0
2025-07-28,META,8715700,0.0033976407079224,-1,0.0168624124059754,2,0.473,0.473,0.0005,0.0023
2025-07-28,GOOGL,38139500,-0.0055253916816627,1,0.0165763326364116,5,0.1969,0.2729,0.7313,0.799
2025-07-28,MSFT,14308000,-0.0030734847442388,1,0.0094926951458602,1,-0.1937,0.1948,0.0009,-0.0
2025-07-29,UNH,41706000,-0.0174256856232465,1,0.0465186876224522,4,-1.0,1.0,-0.5932,-1.0
2025-07-29,META,13267000,-0.0277777777777777,-1,0.0341111077202692,1,-0.9996,0.9999,0.473,0.0005
2025-07-29,AAPL,51411700,-0.0135866490934348,-1,0.0186291454422399,1,-0.0438,0.0439,-0.0198,-0.324
2025-07-29,MSFT,16469200,-0.0057417062138812,1,0.011754887618979,1,0.9999,1.0,-0.1937,0.0009
2025-07-29,BRK-B,4193200,-0.0124541717769606,-1,0.0180699195730258,4,-0.0,0.0,-0.4992,0.0514
2025-07-30,MSFT,26380400,-0.0037463220680655,1,0.0126366247677133,5,0.7995,0.7996,0.9999,-0.1937
2025-07-30,TSLA,83931900,-0.009746055628039,-1,0.0398225134443868,2,0.4999,0.5001,-0.0001,-0.0008
2025-07-30,BRK-B,3803000,0.0018310675146733,-1,0.0116389171857517,1,0.9556,0.9559,-0.0,-0.4992
2025-07-30,AMZN,32993300,-0.006259700190221,1,0.0108358218452713,2,0.5,0.5,-0.4699,0.4999
2025-07-30,META,27077300,-0.0181897843414218,1,0.0244319043297299,9,0.3276,0.333,-0.9996,0.473
2025-07-30,JPM,8061700,0.0074305404993033,-1,0.010859997051055,1,1.0,1.0,0.674,0.007
2025-07-30,GOOGL,32445400,0.0047545636337509,-1,0.0148773188717046,1,1.0,1.0,0.1969,0.7313
2025-07-31,AMZN,104357300,-0.0070407754677352,-1,0.0217585137627775,9,-0.1332,0.3623,0.5,-0.4699
2025-07-31,GOOGL,51329200,-0.0194676444059048,-1,0.0250370905277079,2,0.5,0.5001,1.0,0.1969
2025-07-31,BRK-B,6315300,-0.0015445726738231,1,0.0123146093070578,9,0.112,0.1156,0.9556,-0.0
2025-07-31,UNH,29606900,-0.0452945547603161,-1,0.0522187995990918,1,0.3729,0.3817,-1.0,-0.5932
2025-07-31,TSLA,85270900,-0.0354807323226054,-1,0.0477769460077265,1,-0.0017,0.0017,0.4999,-0.0001
2025-07-31,AAPL,80698400,-0.0044126727646687,-1,0.0128542980726676,3,0.2623,0.4937,-0.0438,-0.0198
2025-07-31,META,38831100,-0.002270394398749,-1,0.0248193884564034,19,0.5676,0.7902,0.3276,-0.9996
2025-07-31,MSFT,51617300,-0.0391369004433164,-1,0.0424148346115726,8,0.5197,0.5775,0.7995,0.9999
2025-08-01,AMZN,122258800,-0.0113254759809835,-1,0.0351733306638707,12,-0.4361,0.6704,-0.1332,0.5
2025-08-01,UNH,39989200,-0.0512349718950532,1,0.0673955522465721,1,-0.0002,0.0002,0.3729,-1.0
2025-08-01,MSFT,28977600,-0.0203551675671729,1,0.0279252382082359,1,0.9918,0.9918,0.5197,0.7995
2025-08-01,META,19028700,-0.0140916895328872,1,0.0271975641457661,2,0.9509,0.9523,0.5676,0.3276
2025-08-01,JPM,12007100,-0.0035468278269455,1,0.0260330499913458,3,0.3384,0.3466,1.0,0.674
2025-08-01,GOOGL,34832200,0.000529048850243,1,0.0159233694454511,2,0.0,1.0,0.5,1.0
2025-08-01,BRK-B,5287500,-0.0013306120370629,-1,0.0112784259279849,4,0.4473,0.4474,0.112,0.9556
2025-08-04,AMZN,77890100,-0.0264489427848736,1,0.0276909127942633,2,-0.5014,0.5015,-0.4361,-0.1332
2025-08-04,JPM,6649500,0.0137807478309873,-1,0.0139874506373512,1,-0.0,0.0,0.3384,1.0
2025-08-04,UNH,17427900,0.0115009661316248,1,0.022246486440372,1,0.0008,0.0016,-0.0002,0.3729
2025-08-04,BRK-B,10874300,-0.0191005291626258,1,0.0292276317328571,19,0.1454,0.6969,0.4473,0.112
2025-08-04,AAPL,75109300,-0.005672037721763,-1,0.0303164264513438,2,-0.4706,0.4802,0.2623,-0.0438
2025-08-04,TSLA,78683900,0.0005824485608267,-1,0.0295069092577922,2,-0.0,0.0001,-0.0017,0.4999
2025-08-04,MSFT,25349000,0.013951189438551,-1,0.0191568605883923,2,-0.0044,0.0045,0.9918,0.5197
2025-08-04,META,15801700,0.0215394672594573,-1,0.0242631611071134,2,-0.0202,0.0402,0.9509,0.5676
2025-08-05,MSFT,19171600,-0.0175546237841229,-1,0.018727424132986,1,1.0,1.0,-0.0044,0.9918
2025-08-05,META,11640300,-0.0167299762124434,1,0.0259256933045743,4,0.4657,0.4658,-0.0202,0.9509
2025-08-05,UNH,23795900,0.040802770726764,-1,0.0498424452228082,2,-0.9373,0.9386,0.0008,-0.0002
2025-08-05,AMZN,51505100,0.0032855993345005,1,0.0160995441700934,1,1.0,1.0,-0.5014,-0.4361
2025-08-05,GOOGL,31602300,-0.0002054776002378,1,0.0203893024693753,1,-0.0001,0.0001,0.0,0.5
2025-08-05,JPM,7182300,-0.0112661009763263,-1,0.0290136015464145,13,-0.3589,0.5358,-0.0,0.3384
2025-08-05,BRK-B,6780700,0.007794173448369,1,0.0156317446679212,3,-0.3344,0.3347,0.1454,0.4473
2025-08-06,AMZN,54823000,0.0354448100536587,1,0.0414997136933739,1,0.1094,0.1097,1.0,-0.5014
2025-08-06,JPM,6330200,-0.0032500230213009,-1,0.0107081936829548,7,0.4094,0.6951,-0.3589,-0.0
2025-08-06,TSLA,78523600,0.0390398793133867,1,0.0439767706022634,3,0.0014,0.6624,-0.0,-0.0017
2025-08-06,AAPL,108483100,0.0370568250559061,1,0.0476098249888249,1,0.3871,0.3871,-0.4706,0.2623
2025-08-06,MSFT,21355700,-0.0112262604983567,-1,0.0144471323364911,2,0.5538,0.5539,1.0,-0.0044
2025-08-06,BRK-B,4557100,0.0084086100260416,-1,0.0140859952536963,9,0.4451,0.7358,-0.3344,0.1454
2025-08-06,META,9733900,0.0025844029017856,-1,0.0171168736049107,2,0.0033,0.0033,0.4657,-0.0202
2025-08-07,BRK-B,5755700,-0.016474873796289,1,0.0241475208761173,9,0.2014,0.6492,0.4451,-0.3344
2025-08-07,TSLA,66658700,0.0077550279948838,1,0.0195127742194561,4,0.5006,0.6567,0.0014,-0.0
2025-08-07,AAPL,90224800,0.0052539924654153,1,0.0195084255172009,3,0.324,0.3243,0.3871,-0.4706
2025-08-07,AMZN,40603500,0.0096380311439479,-1,0.0244343615225537,2,-0.0747,0.2283,0.1094,1.0
2025-08-07,GOOGL,26321800,-0.0027402481113513,1,0.0162894118281091,2,0.1569,0.1598,-0.0001,0.0
2025-08-07,JPM,8057100,-0.0204820097972114,1,0.0240663198409677,9,0.6503,0.7368,0.4094,-0.3589
2025-08-07,UNH,11369900,-0.0071016963436555,1,0.0375375378164648,1,-0.9975,0.9976,-0.9373,0.0008
2025-08-08,META,7320800,0.0085873324063831,-1,0.0148410453283759,2,-0.0001,0.0001,0.0033,0.4657
2025-08-08,AAPL,113854000,0.0385817334683497,-1,0.0532083498735346,3,0.6655,0.6656,0.324,0.3871
2025-08-08,BRK-B,3330600,0.0053138450816625,-1,0.007085148749296,6,-0.1615,0.8287,0.2014,0.4451
2025-08-08,TSLA,91200300,0.025573224055026,1,0.0440841963508028,2,-0.4675,0.4678,0.5006,0.0014
2025-08-08,GOOGL,39161800,0.0212959989972927,-1,0.0275834215989001,2,0.7109,0.7167,0.1569,-0.0001
2025-08-08,MSFT,15531000,-0.0010715606290755,-1,0.0100459246943394,3,0.0925,0.0988,0.5538,1.0
2025-08-08,AMZN,32970500,-0.0020166574772477,-1,0.0086044553831543,2,-0.4997,0.5,-0.0747,0.1094
2025-08-08,JPM,6634100,-0.0007613025549838,1,0.0225621817543583,8,0.25,0.75,0.6503,0.4094
2025-08-11,META,7612000,-0.0054669928828513,1,0.0114144489759881,1,0.9993,0.9993,-0.0001,0.0033
2025-08-11,MSFT,20194400,-0.0010146817424946,1,0.0150680764623401,1,0.0,0.0,0.0925,0.5538
2025-08-11,AMZN,31646200,-0.0021642877183741,1,0.011948819415003,4,0.0144,0.4853,-0.4997,-0.0747
2025-08-11,TSLA,105320200,0.0120298471023787,1,0.0372836440356809,3,0.6534,0.6692,-0.4675,0.5006
2025-08-11,BRK-B,3712100,-0.0037087435159304,1,0.0106975739094133,9,0.3191,0.3191,-0.1615,0.2014
2025-08-11,AAPL,61806100,-0.0032467773741185,1,0.0210600346188132,3,0.5422,0.5473,0.6655,0.324
2025-08-11,GOOGL,25832400,0.0002985844424444,1,0.0119935720814129,1,0.0006,0.0007,0.7109,0.1569
2025-08-11,JPM,5510100,0.000552880668569,1,0.0087768092553257,12,0.0421,0.4642,0.25,0.6503
2025-08-12,JPM,8570900,0.0046312387770691,-1,0.0151286575029477,15,0.6883,0.6891,0.0421,0.25
2025-08-12,BRK-B,3767300,0.0104397479902142,1,0.0159173494329897,9,0.1905,0.4298,0.3191,-0.1615
2025-08-12,AAPL,55626200,0.0071926644847109,1,0.0163589132818791,1,-0.0005,0.0005,0.5422,0.6655
2025-08-12,AMZN,37185800,-0.0034198556515643,1,0.0200242858020751,1,0.9779,0.9788,0.0144,-0.4997
2025-08-12,GOOGL,30397900,0.0097829928413946,-1,0.019417012250678,1,0.0,0.0001,0.0006,0.7109
2025-08-12,META,14563100,0.0219922380336351,-1,0.0274773482980271,2,0.5004,0.5005,0.9993,-0.0001
2025-08-12,TSLA,80522100,-0.0120579816293025,-1,0.0357101661571558,1,-0.0,0.0,0.6534,-0.4675
2025-08-13,BRK-B,4629400,0.0118931210650472,1,0.0171719438072867,11,0.1786,0.7261,0.1905,0.3191
2025-08-13,META,8811800,-0.0139922985307589,1,0.0217784756015992,1,1.0,1.0,0.5004,0.9993
2025-08-13,AMZN,36508300,0.011531520534206,1,0.013153144905159,2,0.5,0.5,0.9779,0.0144
2025-08-13,AAPL,69878500,0.0097805618868782,-1,0.0197775876546645,2,-0.0,0.0,-0.0005,0.5422
2025-08-13,GOOGL,28342900,-0.0106304713517793,1,0.0343898697131321,4,-0.2495,0.2513,0.0,0.0006
2025-08-13,TSLA,67838900,-0.0062078919976207,-1,0.0315666142878385,3,-0.0001,0.0002,-0.0,0.6534
2025-08-13,UNH,19480300,0.0280645353419367,-1,0.035175261082893,2,0.7316,0.7356,-0.9975,-0.9373
2025-08-13,JPM,8420400,-0.0116346769372664,1,0.0251402749582284,11,0.1909,0.5722,0.6883,0.0421
2025-08-14,META,8116200,0.0054635676110998,1,0.0196688277072678,1,-0.0001,0.0001,1.0,0.5004
2025-08-14,TSLA,75000700,-0.0005361662738961,-1,0.0299916816515702,1,-0.0003,0.0005,-0.0001,-0.0
2025-08-14,MSFT,20269100,-0.0001531251726454,-1,0.0111183358575819,1,1.0,1.0,0.0,0.0925
2025-08-14,BRK-B,4187100,0.001818741729041,-1,0.0100344679245807,13,0.0418,0.1963,0.1786,0.1905
2025-08-14,JPM,6322400,0.0123202465939731,-1,0.0156927447495072,19,0.2875,0.5935,0.1909,0.6883
2025-08-14,AMZN,61545800,0.015743192291748,1,0.0267809872530732,2,0.5078,0.5078,0.5,0.9779
2025-08-14,GOOGL,25230400,0.0071464141012717,1,0.0159305544112515,2,0.1582,0.1599,-0.2495,0.0
2025-08-14,UNH,25011100,-0.0022418811299422,1,0.0251745900399197,6,-0.0005,0.0005,0.7316,-0.9975
2025-08-15,JPM,7340500,-0.0147537856381278,1,0.0192646613292992,10,0.1072,0.4952,0.2875,0.1909
2025-08-15,BRK-B,5229800,-0.0106768815824978,1,0.0128330099783969,25,0.3749,0.3759,0.0418,0.1786
2025-08-15,AMZN,39649200,-0.0066643866177442,1,0.0183592924535389,2,0.0472,0.9694,0.5078,0.5
2025-08-15,GOOGL,34931400,0.0002452185012119,-1,0.0253127471553232,2,0.3376,0.3453,0.1582,-0.2495
2025-08-15,AAPL,56038700,-0.0102991609491853,-1,0.0211111215444711,1,0.0026,0.0028,-0.0,-0.0005
2025-08-15,TSLA,74319800,-0.0210270864968078,1,0.036367940076152,1,1.0,1.0,-0.0003,-0.0001
2025-08-15,MSFT,25213300,-0.004973576379581,-1,0.0134283876921409,1,-0.0022,0.0035,1.0,0.0
2025-08-15,UNH,68198500,0.007623275250032,1,0.0516721248199427,51,0.3395,0.5432,-0.0005,0.7316
2025-08-18,TSLA,56956600,0.0168072587433668,-1,0.0202657386527973,1,-0.0088,0.0118,1.0,-0.0003
2025-08-18,UNH,39600500,-0.0149754216459847,-1,0.0286735445391189,42,0.3828,0.7418,0.3395,-0.0005
2025-08-18,MSFT,23760600,-0.0086083917221359,-1,0.0168714648284621,2,0.5,0.5,-0.0022,1.0
2025-08-18,BRK-B,3911300,0.0011506742924537,1,0.0090800601016937,12,-0.0077,0.5031,0.3749,0.0418
2025-08-18,AAPL,37476200,-0.0034958893796389,-1,0.0129909130189083,1,1.0,1.0,0.0026,-0.0
2025-08-18,AMZN,25248900,0.0054728305998673,-1,0.0155496759652957,1,0.9999,0.9999,0.0472,0.5078
2025-08-18,META,16513700,-0.009960174264661,-1,0.0248358246565203,8,-0.0368,0.2883,-0.0001,1.0
2025-08-18,GOOGL,18526600,-0.0034279968594691,-1,0.0136140980452682,7,0.2862,0.2896,0.3376,0.1582
2025-08-18,JPM,5386900,0.0052758578596445,-1,0.0120344490840517,19,0.0409,0.8217,0.1072,0.2875
2025-08-19,GOOGL,24240200,-0.007191013465282,-1,0.0171403031495948,2,0.5702,0.5702,0.2862,0.3376
2025-08-19,META,12286700,-0.0203879637449005,-1,0.0232167036082444,2,-0.5,0.5,-0.0368,-0.0001
2025-08-19,BRK-B,4726400,0.0115472177747324,1,0.0127769660945545,7,0.0419,0.8514,-0.0077,0.3749
2025-08-19,AMZN,29891000,-0.0090399489945672,-1,0.0148203038653698,1,-1.0,1.0,0.9999,0.0472
2025-08-19,TSLA,75956000,-0.0192978076221146,-1,0.0378212018412517,2,0.0001,0.0001,-0.0088,1.0
2025-08-19,UNH,22348600,-0.0150858004343987,-1,0.0365490733829707,22,-0.0554,0.5571,0.3828,0.3395
2025-08-19,JPM,6031500,-0.0005844751848311,1,0.0101434251735875,11,0.6118,0.6531,0.0409,0.1072
2025-08-20,BRK-B,4779800,0.0034496769523228,-1,0.0131211799762577,4,-0.0008,0.9985,0.0419,-0.0077
2025-08-20,JPM,7374200,0.004917274810998,-1,0.020838339842057,11,0.0298,0.4375,0.6118,0.0409
2025-08-20,UNH,16679000,-0.0214099141294695,1,0.0375326378233714,22,0.0868,0.6851,-0.0554,0.3828
2025-08-20,TSLA,77481800,-0.0161594292706788,-1,0.0509385485434998,1,-0.4032,0.4794,0.0001,-0.0088
2025-08-20,AMZN,36604300,-0.0145737831532,-1,0.0279588157803507,3,-0.3276,0.3365,-1.0,0.9999
2025-08-20,GOOGL,28955500,-0.0070243034590313,1,0.0233148646210982,1,-0.9974,0.999,0.5702,0.2862
2025-08-21,BRK-B,3082200,0.0027707210626661,1,0.0110212528216421,8,-0.2705,0.8113,-0.0008,0.0419
2025-08-21,META,8876300,-0.0075331957690838,1,0.0166373679457376,3,-0.6665,0.6666,-0.5,-0.0368
2025-08-21,GOOGL,19774600,0.0,1,0.0152691016358337,2,0.0,0.0,-0.9974,0.5702
2025-08-21,UNH,13359000,0.0035065583665701,1,0.0290119398039803,32,0.1598,0.543,0.0868,-0.0554
2025-08-21,TSLA,55744400,-0.0061164968418834,1,0.0193119767760159,3,-0.3337,0.3337,-0.4032,0.0001
2025-08-21,JPM,6624000,-0.0016099240144298,1,0.0113036506315404,12,0.2295,0.5659,0.0298,0.6118
2025-08-21,AMZN,32140500,-0.0031439342799516,1,0.0102402822447725,2,0.298,0.3103,-0.3276,-1.0
2025-08-22,BRK-B,4205100,-0.005086469989827,-1,0.0133672580350329,7,0.1563,0.44,-0.2705,-0.0008
2025-08-22,META,10612700,0.0210489265447907,-1,0.0304506180219466,5,0.0011,0.4011,-0.6665,-0.5
2025-08-22,TSLA,94016300,0.0570478327880377,1,0.0639184148620205,38,0.3151,0.6814,-0.3337,-0.4032
2025-08-22,JPM,8552800,0.0103682738771416,-1,0.0239768024782104,19,0.236,0.318,0.2295,0.0298
2025-08-22,UNH,14930000,0.0043123400780734,-1,0.0199281476049783,16,0.3542,0.7286,0.1598,0.0868
2025-08-22,AMZN,37315300,0.0271556319138072,-1,0.0373445500972038,3,0.6665,0.6665,0.298,-0.3276
2025-08-22,GOOGL,42827000,0.0165737714258488,1,0.0357124766287926,7,0.2858,0.286,0.0,-0.9974
2025-08-25,UNH,8917100,-0.0117670102684843,-1,0.0199033496230931,10,-0.1016,0.5356,0.3542,0.1598
2025-08-25,BRK-B,3935100,-0.0057872375479596,1,0.0147031805030991,4,-0.0002,0.0002,0.1563,-0.2705
2025-08-25,TSLA,86670000,0.0227206029675621,1,0.0427854832137558,42,0.0284,0.6559,0.3151,-0.3337
2025-08-25,AMZN,22633700,0.002595101482522,1,0.0100726126388543,33,0.5609,0.767,0.6665,0.298
2025-08-25,META,6861200,-0.0020137509823545,1,0.0115921675566312,37,0.4383,0.6937,0.0011,-0.6665
2025-08-25,MSFT,21638600,-0.0046779604333455,-1,0.0080334904861391,37,0.3806,0.7333,0.5,-0.0022
2025-08-25,GOOGL,29928900,0.0099792321390926,-1,0.025383934888735,9,0.4652,0.6404,0.2858,0.0
2025-08-25,AAPL,30983100,0.0030025077154645,1,0.0135553134145765,37,0.0442,0.6189,1.0,0.0026
2025-08-25,JPM,5856300,-0.0045233472254386,1,0.0108357803162852,14,0.3876,0.5716,0.236,0.2295
2025-08-26,MSFT,30835700,-0.0045998431160701,1,0.0128281414240132,47,0.4596,0.5846,0.3806,0.5
2025-08-26,JPM,6714700,0.0149918534376106,1,0.0178134014452691,12,0.4989,0.8322,0.3876,0.236
2025-08-26,BRK-B,8217500,0.0148241363330771,1,0.0170302460779449,9,-0.2028,0.4584,-0.0002,0.1563
2025-08-26,TSLA,76651600,0.0195402571393333,-1,0.0237149359275059,37,0.0676,0.6407,0.0284,0.3151
2025-08-26,META,7601800,0.0043952954803173,-1,0.0092301448967153,54,0.2741,0.5136,0.4383,0.0011
2025-08-26,AAPL,54575100,0.0107550689554424,1,0.0211575049811167,55,-0.0109,0.5628,0.0442,1.0
2025-08-26,GOOGL,28464100,-0.0017830231168712,1,0.0103609908543589,73,0.2796,0.5611,0.4652,0.2858
2025-08-26,AMZN,26105400,0.0070450711074618,1,0.0131213760712009,45,0.2735,0.6175,0.5609,0.6665
2025-08-26,UNH,16303200,-0.012750172238641,1,0.0485031033040737,10,-0.06,0.5917,-0.1016,0.3542
2025-08-27,BRK-B,4385900,0.0094485924397464,1,0.0134600992349538,2,0.501,0.5027,-0.2028,-0.0002
2025-08-27,AAPL,31259500,0.0082236336021749,1,0.0115480485656799,41,0.1465,0.5111,-0.0109,0.0442
2025-08-27,GOOGL,23022900,0.0086533729008501,1,0.0158483705104052,55,0.288,0.4918,0.2796,0.4652
2025-08-27,MSFT,17277900,0.0094422116222609,1,0.0147211447180029,54,0.4517,0.6844,0.4596,0.3806
2025-08-27,UNH,9982800,0.0111133168394497,-1,0.01820057584741,14,0.4404,0.7543,-0.06,-0.1016
2025-08-27,AMZN,21254500,0.0024062115559571,1,0.0090125453584631,52,0.3259,0.565,0.2735,0.5609
2025-08-27,TSLA,65519000,-0.0066488501496223,-1,0.0177019120961259,30,0.1244,0.5127,0.0676,0.0284
2025-08-27,META,8315400,-0.0065399215605334,1,0.0150338930507947,41,0.314,0.5659,0.2741,0.4383
2025-08-27,JPM,6056500,0.0068292641860281,1,0.0135576073315286,8,0.4758,0.7507,0.4989,0.3876
2025-08-28,UNH,11235000,-0.0064420425803716,1,0.0166639517640714,13,0.224,0.6214,0.4404,-0.06
2025-08-28,AAPL,38074700,0.0075382990172551,-1,0.017632818625215,37,0.0419,0.7418,0.1465,-0.0109
2025-08-28,TSLA,67903200,-0.014049165382382,-1,0.0378728958668862,36,-0.1401,0.6423,0.1244,0.0676
2025-08-28,BRK-B,4530400,0.0036744504884264,1,0.0081722131883511,12,0.0148,0.4167,0.501,-0.2028
2025-08-28,GOOGL,32339300,0.0211821442202578,1,0.0256695166427926,42,0.3793,0.6472,0.288,0.2796
2025-08-28,MSFT,18015600,0.0050287292767804,-1,0.0110236770164281,47,0.5641,0.6999,0.4517,0.4596
2025-08-28,AMZN,33679600,0.0113096007109086,-1,0.0204794661975605,39,0.4528,0.7243,0.3259,0.2735
2025-08-28,JPM,6410500,0.0034998278414677,1,0.0084660293325588,10,-0.0994,0.6866,0.4758,0.4989
2025-08-28,META,7468000,0.0095564319241431,-1,0.0164650537634408,40,0.4783,0.7259,0.314,0.2741
2025-08-29,UNH,12065400,0.0250413748921587,-1,0.0300694565165379,10,0.2535,0.6684,0.224,0.4404
2025-08-29,TSLA,81145700,-0.03847598262371,-1,0.0491028633859648,43,-0.128,0.691,-0.1401,0.1244
2025-08-29,MSFT,20961600,-0.0038729233800968,-1,0.0100460343497639,46,0.1606,0.7326,0.5641,0.4517
2025-08-29,JPM,6796400,-0.0020526920263787,-1,0.0106608433638161,11,0.1175,0.8413,-0.0994,0.4758
2025-08-29,BRK-B,4663600,0.004252779987732,-1,0.0117200659791432,7,0.4283,0.4288,0.0148,0.501
2025-08-29,META,9070500,-0.008828919105818,-1,0.0158196095414272,39,0.3278,0.6243,0.4783,0.314
2025-08-29,GOOGL,39728400,0.0114009273568979,-1,0.0211391243378598,49,0.3118,0.626,0.3793,0.288
2025-08-29,AAPL,39418400,-0.0015913084423414,-1,0.0086448316765407,38,0.271,0.684,0.0419,0.1465
2025-08-29,AMZN,26199200,-0.0100294278521573,-1,0.0157789805503876,41,0.1996,0.6958,0.4528,0.3259
2025-09-02,AAPL,44075600,0.0020501689016494,1,0.0169247759337514,2,-0.0,0.0001,0.271,0.0419
2025-09-02,AMZN,38843900,0.0081424124491837,1,0.0194165902600841,2,-0.9979,0.9979,0.1996,0.4528
2025-09-02,GOOGL,47523000,0.0139608694493629,1,0.0262905184386547,6,0.3334,0.6667,0.3118,0.3793
2025-09-02,BRK-B,4977800,-0.0061478177970307,1,0.01642074991999,11,0.0036,0.1855,0.4283,0.0148
2025-09-02,JPM,7221900,-0.0018650420981164,-1,0.0198494346940518,2,0.8392,0.8393,0.1175,-0.0994
2025-09-02,MSFT,18128000,0.009291253991533,1,0.0183627438587543,2,0.0008,0.0013,0.1606,0.5641
2025-09-02,UNH,10957100,0.0015892777991471,-1,0.0181311890620944,10,0.0935,0.6939,0.2535,0.224
2025-09-03,BRK-B,3206200,0.0038835001277394,1,0.0110499232280224,5,-0.1778,0.1791,0.0036,0.4283
2025-09-03,META,7699300,0.0014266138491422,1,0.0085054480511208,1,-0.0,0.0,0.3278,0.4783
2025-09-03,AAPL,66427800,0.0053117257753624,1,0.0189283983225047,3,-0.2754,0.333,-0.0,0.271
2025-09-03,MSFT,16345100,0.0030965234167693,1,0.0108577008831553,1,0.8797,0.8799,0.0008,0.1606
2025-09-03,UNH,9654600,-0.0007464232893574,1,0.0191164986884106,6,0.3334,0.6667,0.0935,0.2535
2025-09-03,GOOGL,103336100,0.0196719721328286,1,0.0288227933289799,10,0.1831,0.2647,0.3334,0.3118
2025-09-04,MSFT,15509500,0.0072774410401949,-1,0.0099147335336694,1,-0.0,0.0,0.8797,0.0008
2025-09-04,AAPL,47549400,0.005577696993401,-1,0.0132522056773446,1,0.9999,0.9999,-0.2754,-0.0
2025-09-04,GOOGL,51684200,0.0115393391060482,1,0.0272588490015709,2,0.9536,0.9537,0.1831,0.3334
2025-09-04,UNH,7725700,0.0139823544395797,1,0.025514529248172,6,0.4499,0.7836,0.3334,0.0935
2025-09-04,TSLA,60711000,0.0070801871962711,1,0.0220437417719877,2,0.4999,0.5002,-0.128,-0.1401
2025-09-04,BRK-B,2976700,0.007973771752422,-1,0.0121694078175853,4,0.1665,0.6681,-0.1778,0.0036
2025-09-04,JPM,6605800,0.0127333577473957,-1,0.0204999796549475,1,0.0049,0.0049,0.8392,0.1175
2025-09-04,META,11439100,0.0001068932619005,1,0.0204923596593798,2,0.2956,0.2984,-0.0,0.3278
2025-09-04,AMZN,59391800,0.0194212127988231,-1,0.0215840020782417,5,0.533,0.5343,-0.9979,0.1996
2025-09-05,BRK-B,4222900,-0.0123122746765377,-1,0.0195849874745244,3,0.6664,0.6669,0.1665,-0.1778
2025-09-05,GOOGL,46588900,0.0120585834993871,-1,0.0166236031915709,2,-0.3778,0.6189,0.9536,0.1831
2025-09-05,META,9663400,-0.0002258548952446,-1,0.0171666750737129,3,0.0001,0.0002,0.2956,-0.0
2025-09-05,TSLA,108989800,0.008160909016927,-1,0.0321551794293283,1,0.0002,0.0003,0.4999,-0.128
2025-09-05,AMZN,36721800,-0.0121603834374893,1,0.0173051884942801,1,-0.0312,0.0317,0.533,-0.9979
2025-09-05,UNH,14126700,0.0159451493625263,1,0.0313747911280003,4,-0.0313,0.5236,0.4499,0.3334
2025-09-05,JPM,9837700,-0.0305285335089848,-1,0.0356989842113614,6,0.0003,0.9997,0.0049,0.8392
2025-09-05,MSFT,31994800,-0.0276386491480292,1,0.0385015927505481,3,-0.333,0.3358,-0.0,0.8797
2025-09-08,AAPL,48999500,-0.005933966363712,-1,0.0159214271207914,1,0.3162,0.3256,0.9999,-0.2754
2025-09-08,META,13087800,-0.0048941960410467,1,0.0191666537491732,5,0.3999,0.3999,0.0001,0.2956
2025-09-08,JPM,8188500,-0.0067144049915988,1,0.0170232587212442,10,0.2193,0.6017,0.0003,0.0049
2025-09-08,GOOGL,32474700,-0.006072994127307,1,0.0189408701352444,3,0.3362,0.3456,-0.3778,0.9536
2025-09-08,TSLA,75208300,-0.0232348872422691,1,0.0383487636526228,4,-0.4956,0.5062,0.0002,0.4999
2025-09-08,BRK-B,5146300,-0.0104609242899862,-1,0.0124048145118361,5,0.0028,0.0358,0.6664,0.1665
2025-09-08,AMZN,33947100,0.0038307392829317,1,0.0163871884885835,2,0.0013,0.0015,-0.0312,0.533
2025-09-08,UNH,18438600,0.0016890574563033,1,0.0245535213578666,11,0.53,0.712,-0.0313,0.4499
2025-09-09,BRK-B,3748700,0.0005482566899772,-1,0.0104173109059763,4,1.0,1.0,0.0028,0.6664
2025-09-09,AMZN,27033800,0.0079539891604238,-1,0.0159502634232765,4,0.2498,0.2501,0.0013,-0.0312
2025-09-09,TSLA,53816000,-0.0042188072850513,1,0.0199459925403422,3,-0.1867,0.1888,-0.4956,0.0002
2025-09-09,UNH,46408900,0.0463759802337876,-1,0.0738345497532895,20,0.1024,0.62,0.53,-0.0313
2025-09-09,META,10999000,0.0108384560568463,-1,0.0169903170775964,2,0.4934,0.4939,0.3999,0.0001
2025-09-09,MSFT,14410500,-0.0060227530418678,1,0.0090740240101885,2,-0.0002,0.0024,-0.333,-0.0
2025-09-09,GOOGL,38061000,0.023316422925912,-1,0.0309177330562246,3,0.4973,0.5122,0.3362,-0.3778
2025-09-09,JPM,7848200,0.0179425833577825,1,0.022863985994038,15,0.0975,0.7174,0.2193,0.0003
2025-09-09,AAPL,66313900,-0.0111814088459257,-1,0.0228691905862671,1,-0.0,0.0001,0.3162,0.9999
2025-09-10,BRK-B,5561600,0.0001632379025829,1,0.0110816799864478,6,0.3415,0.6663,1.0,0.0028
2025-09-10,MSFT,21611800,-0.0051891045610788,1,0.0129428796839443,3,0.4148,0.4307,-0.0002,-0.333
2025-09-10,AMZN,60907700,-0.0302711447965391,-1,0.0361232166467271,2,-0.3104,0.3243,0.2498,0.0013
2025-09-10,UNH,17804300,0.0035305047728977,1,0.02074896827871,23,0.2895,0.6388,0.1024,0.53
2025-09-10,META,12478300,-0.017186653679954,-1,0.0192124372501673,2,0.0236,0.0262,0.4934,0.3999
2025-09-10,AAPL,83440800,-0.0232568547245532,1,0.0278651154342265,4,-0.2394,0.7499,-0.0,0.3162
2025-09-10,JPM,7787300,0.0129423531510041,1,0.0206943525305725,15,0.1852,0.6151,0.0975,0.2193
2025-09-10,TSLA,72121700,-0.0078732829672123,1,0.0292682345038514,2,-0.0007,0.0007,-0.1867,-0.4956
2025-09-11,JPM,7942500,0.0143407497817857,1,0.0163988932464203,20,0.2159,0.5644,0.1852,0.0975
2025-09-11,UNH,18943500,0.013209127081841,-1,0.0433811307978152,13,0.6179,0.7864,0.2895,0.1024
2025-09-11,GOOGL,30599300,0.002042647258634,1,0.0250125057439912,2,0.4994,0.5017,0.4973,0.3362
2025-09-11,TSLA,103756000,0.0532312403006665,1,0.0610845683828769,1,0.0206,0.027,-0.0007,-0.1867
2025-09-11,MSFT,18881600,-0.0024688705512692,1,0.0105326202985005,2,0.5,0.5,0.4148,-0.0002
2025-09-11,AMZN,37485600,-0.0066525919408099,-1,0.0094604621773655,3,0.5081,0.5082,-0.3104,0.2498
2025-09-11,BRK-B,3669000,0.0154906040869095,-1,0.0167780264450759,4,0.2773,0.4616,0.3415,1.0
2025-09-11,AAPL,50208600,0.0138839643366166,1,0.0167489552625871,2,0.5,0.5,-0.2394,-0.0
2025-09-11,META,7923300,-0.0049691908549418,1,0.0115682504291022,1,-0.0013,0.0022,0.0236,0.4934
2025-09-12,AMZN,38496200,-0.0095507364824752,1,0.0195354889549157,1,-0.705,0.7064,0.5081,-0.3104
2025-09-12,GOOGL,26771600,0.0017889418118125,1,0.0169738399714387,2,0.0128,0.0129,0.4994,0.4973
2025-09-12,JPM,6846700,0.0062623070888832,1,0.0126228707735656,17,0.5387,0.656,0.2159,0.1852
2025-09-12,BRK-B,2951700,-0.0040544826336359,-1,0.0086535724557173,6,0.3091,0.3588,0.2773,0.3415
2025-09-12,META,8248600,0.0091622434865289,1,0.0184445633523956,4,0.5016,0.5016,-0.0013,0.0236
2025-09-12,AAPL,55824200,0.0211587386689079,1,0.0239507469031421,1,0.0036,0.0133,0.5,-0.2394
2025-09-12,TSLA,168156400,0.0673963439786977,1,0.0713053648378334,5,0.4954,0.5025,0.0206,-0.0007
2025-09-12,UNH,14016200,-0.0095251030879348,-1,0.0276763311953879,16,0.4403,0.8124,0.6179,0.2895
2025-09-15,META,10533800,0.0095449876345525,1,0.0291496929830074,3,-0.0,0.0002,0.5016,-0.0013
2025-09-15,GOOGL,58383800,0.0284067556781392,-1,0.0316766119676152,9,0.3409,0.3432,0.0128,0.4994
2025-09-15,TSLA,163823700,-0.0309361099114584,1,0.0549949643436293,6,0.3333,0.3334,0.4954,0.0206
2025-09-15,UNH,11035900,-0.0095940187425151,-1,0.0261344656965264,17,0.1249,0.5803,0.4403,0.6179
2025-09-15,JPM,7122000,0.005631996591871,1,0.009050358621516,15,0.5046,0.7321,0.5387,0.2159
2025-09-15,AMZN,33243300,0.0034687064823817,1,0.0147855367086904,2,0.4805,0.4805,-0.705,0.5081
2025-09-15,BRK-B,3629800,-0.0041734147753671,-1,0.0116896048264266,6,0.6656,0.6662,0.3091,0.2773
2025-09-15,AAPL,42699500,-0.0012658356614254,1,0.0133333487852717,2,0.5,0.5,0.0036,0.5
2025-09-16,AMZN,38203900,0.0047651781519611,-1,0.0157551220506598,3,0.3332,0.3333,0.4805,-0.705
2025-09-16,UNH,12695800,-0.0222158308509443,1,0.030848924376124,13,0.1578,0.6194,0.1249,0.4403
2025-09-16,AAPL,63421100,0.0040897261601196,1,0.0206593896947391,6,0.4488,0.4511,0.5,0.0036
2025-09-16,JPM,10525600,-0.0026128953503023,1,0.0121612548828125,17,0.4659,0.4666,0.5046,0.5387
2025-09-16,BRK-B,4070000,-0.0005699488785362,1,0.0096077540380178,6,-0.3154,0.6493,0.6656,0.3091
2025-09-16,TSLA,104285700,0.0171773102947828,1,0.0285163023503466,2,0.4999,0.5001,0.3333,0.4954
2025-09-16,GOOGL,34109700,-0.0036496277462022,-1,0.0141621391601793,3,0.3331,0.3331,0.3409,0.0128
2025-09-16,META,11782500,0.015645371577575,-1,0.0211994912198499,4,0.4112,0.4113,-0.0,0.5016
2025-09-16,MSFT,19711900,-0.0151679234325732,1,0.0166962820842547,2,0.001,0.001,0.5,0.4148
2025-09-17,TSLA,106133500,0.0243174632629284,-1,0.0448345980297279,2,-0.0001,0.0001,0.4999,0.3333
2025-09-17,GOOGL,34108000,-0.0067271810890628,1,0.0211766869611031,4,0.5,0.5,0.3331,0.3409
2025-09-17,JPM,8657800,0.0043815370578299,1,0.0133381051356523,10,0.5051,0.5055,0.4659,0.5046
2025-09-17,UNH,8467700,0.0116082290912251,-1,0.0157244736894901,6,0.0959,0.4549,0.1578,0.1249
2025-09-17,META,9400900,-0.0054744542682746,1,0.0217694850976842,4,-0.1059,0.1074,0.4112,-0.0
2025-09-17,AMZN,42815200,-0.009197113042645,-1,0.0239123764200963,4,0.2503,0.2506,0.3332,0.4805
2025-09-17,BRK-B,5060700,0.0028312708761703,-1,0.0115900159145929,3,0.6667,0.6667,-0.3154,0.6656
2025-09-18,MSFT,18913700,-0.005943377359058,1,0.0105769492373261,1,1.0,1.0,0.001,0.5
2025-09-18,AMZN,37931700,-0.0054623839675739,1,0.0201720535114246,2,-0.0021,0.0024,0.2503,0.3332
2025-09-18,META,10955000,-0.0006404098623119,-1,0.0197502964397214,3,0.3345,0.3353,-0.1059,0.4112
2025-09-18,TSLA,90454500,-0.0280271157938839,1,0.0365145704768418,4,0.2453,0.7455,-0.0001,0.4999
2025-09-18,AAPL,44249600,-0.0087094067060842,1,0.0189607160420569,1,1.0,1.0,0.4488,0.5
2025-09-18,BRK-B,4058900,0.0017563624823023,1,0.014051149164662,1,-0.001,0.001,0.6667,-0.3154
2025-09-18,GOOGL,31239500,0.0013906790913114,1,0.016648134787591,2,0.5,0.5,0.5,0.3331
2025-09-18,JPM,8050700,0.0046185009203039,1,0.0122839635167204,13,0.4769,0.5992,0.5051,0.4659
2025-09-18,UNH,11255600,-0.0253543838559319,1,0.0314674048758656,4,0.7266,0.7736,0.0959,0.1578
2025-09-19,JPM,23568600,0.0037627316735183,-1,0.0213009966382981,12,0.2669,0.4359,0.4769,0.5051
2025-09-19,META,23696800,-0.0102235169528522,-1,0.0274789372360484,3,-0.0001,0.0001,0.3345,-0.1059
2025-09-19,BRK-B,7356300,0.0019924187205089,1,0.0114257734217931,3,0.6666,0.6666,-0.001,0.6667
2025-09-19,TSLA,93131000,0.0100753874311451,1,0.0183727653156176,2,-0.4836,0.5165,0.2453,-0.0001
2025-09-19,GOOGL,55571400,0.005804545787574,-1,0.0165449257311204,2,-0.0004,0.0004,0.5,0.5
2025-09-19,AAPL,163741300,0.0177009673261519,1,0.0252456014830305,1,-0.0001,0.0001,1.0,0.4488
2025-09-19,AMZN,97943200,-0.0038300960035722,-1,0.0191935568601183,3,-0.007,0.0104,-0.0021,0.2503
2025-09-19,UNH,13656800,0.0005646432136887,1,0.0211589750882244,3,0.0,0.6667,0.7266,0.0959
2025-09-22,GOOGL,32290500,-0.0074676490633142,-1,0.0215383244322228,4,0.5207,0.6369,-0.0004,0.5
2025-09-22,TSLA,97108800,0.0071907545843263,-1,0.0367655740810323,3,0.6568,0.6569,-0.4836,0.2453
2025-09-22,UNH,8903700,0.020450865612156,1,0.0295401696323356,13,0.1191,0.392,0.0,0.7266
2025-09-22,AAPL,105517400,0.0313329980865369,-1,0.0343134088865636,4,0.4828,0.4903,-0.0001,1.0
2025-09-22,BRK-B,3582900,0.0064006850887322,1,0.0111706390258959,10,0.229,0.3774,0.6666,-0.001
2025-09-22,META,11706900,-0.021346809442436,-1,0.027191929947548,5,-0.1664,0.1675,-0.0001,0.3345
2025-09-22,AMZN,45914500,-0.0127081571252907,-1,0.0132720890431356,1,0.9975,0.9976,-0.007,-0.0021
2025-09-22,JPM,7520200,0.0085216744753449,1,0.013363508107057,9,-0.1118,0.5563,0.2669,0.4769
2025-09-22,MSFT,20009300,-0.0022110874707765,-1,0.0100855562291334,2,0.4999,0.5002,1.0,0.001
2025-09-23,UNH,12504100,0.0196187754879949,1,0.0373607646684842,11,0.1547,0.9312,0.1191,0.0
2025-09-23,AMZN,70956200,-0.0312513499537574,-1,0.0341921310781072,5,0.0218,0.4236,0.9975,-0.007
2025-09-23,META,10872600,-0.018004518148765,1,0.0253883240321336,24,0.2852,0.5022,-0.1664,-0.0001
2025-09-23,GOOGL,26628000,-0.0054536423515589,-1,0.0153335638071451,1,1.0,1.0,0.5207,-0.0004
2025-09-23,BRK-B,3933200,0.0006683619847025,1,0.0116653703015261,10,0.7272,0.8664,0.229,0.6666
2025-09-23,MSFT,19799600,-0.0088944665535532,1,0.0141689946863299,3,0.3333,0.3334,0.4999,1.0
2025-09-23,TSLA,83422700,-0.0318950591605876,1,0.0392152400848398,14,0.3047,0.3534,0.6568,-0.4836
2025-09-23,JPM,8584400,0.0029503652381089,1,0.0183760209471429,8,0.249,0.4997,-0.1118,0.2669
2025-09-24,MSFT,13533700,-0.0004506661392053,-1,0.0108937791210929,1,-0.0,0.0,0.3333,0.4999
2025-09-24,AAPL,42303700,-0.0114019420429079,1,0.0184155324212495,33,0.0682,0.4542,0.4828,-0.0001
2025-09-24,META,8828200,0.0041715817089521,-1,0.0113266746596534,32,0.1775,0.6251,0.2852,-0.1664
2025-09-24,AMZN,49509000,-0.0175774583533414,-1,0.0227972373388125,11,0.4059,0.5842,0.0218,0.9975
2025-09-24,JPM,7310500,-0.0020059684436276,1,0.0156343682069111,16,0.2451,0.6324,0.249,-0.1118
2025-09-24,BRK-B,2811500,0.0076829690628585,-1,0.0082100515117924,4,0.5003,0.5005,0.7272,0.229
2025-09-24,GOOGL,28201000,-0.0179607573976265,-1,0.0234840800131451,19,0.1148,0.5242,1.0,0.5207
2025-09-24,UNH,9016300,0.0045973309407274,-1,0.0190177139633338,10,0.1139,0.7744,0.1547,0.1191
2025-09-24,TSLA,93133600,0.0301515072878176,-1,0.0353162718981894,33,0.3135,0.6787,0.3047,0.6568
2025-09-25,MSFT,15786500,-0.0024985029395459,1,0.0097776929767061,47,0.3281,0.5965,-0.0,0.3333
2025-09-25,GOOGL,31020400,0.0056873953533614,1,0.0235270054975345,48,0.3178,0.5564,0.1148,1.0
2025-09-25,AMZN,52226300,-0.0086794677965076,1,0.0190856902428342,62,0.0137,0.5075,0.4059,0.0218
2025-09-25,UNH,8104900,-0.0095729332081375,-1,0.0188879233395624,8,-0.0495,0.5333,0.1139,0.1547
2025-09-25,META,10591100,-0.006025667249246,-1,0.0162187690494367,41,0.2584,0.592,0.1775,0.2852
2025-09-25,TSLA,96746400,-0.0272263023890712,1,0.0373817201918616,56,-0.1094,0.647,0.3135,0.3047
2025-09-25,BRK-B,4056100,-0.0023984731553872,1,0.0086062462283588,4,0.4896,0.5073,0.5003,0.7272
2025-09-25,JPM,7083200,-0.0021328884520906,1,0.0122564821194501,11,0.0906,0.6354,0.2451,0.249
2025-09-25,AAPL,55202100,0.014454359252303,-1,0.0215631553615379,67,-0.009,0.606,0.0682,0.4828
2025-09-26,META,9696300,-0.0083333333333332,-1,0.0194400227864582,37,0.15,0.5038,0.2584,0.1775
2025-09-26,AMZN,41650100,0.0031951658863961,1,0.0138305584899232,44,0.1842,0.5956,0.0137,0.4059
2025-09-26,TSLA,101628200,0.0282512408320789,1,0.0454121241218269,50,0.4934,0.7554,-0.1094,0.3135
2025-09-26,BRK-B,3707600,0.0062180470936327,-1,0.0109671432773694,5,0.224,0.2269,0.4896,0.5003
2025-09-26,UNH,6774700,-0.0110654619738497,1,0.0249188446246237,7,0.2849,0.6409,-0.0495,0.1139
2025-09-26,JPM,7258100,0.0036837208148397,-1,0.013051716199504,14,0.3961,0.6533,0.0906,0.2451
2025-09-26,AAPL,46076300,0.0053522258074937,-1,0.0150334798601402,54,0.3806,0.7534,-0.009,0.0682
2025-09-26,GOOGL,18503200,-0.0021451978078035,-1,0.0139636412594381,46,0.3166,0.518,0.3178,0.1148
2025-09-26,MSFT,16213100,0.0027447631713631,1,0.0143512672220053,43,0.3452,0.5897,0.3281,-0.0
2025-09-29,META,9246800,-0.0071053885260554,-1,0.0155331837507828,33,0.1104,0.3442,0.15,0.2584
2025-09-29,JPM,6462400,-0.0043209333493238,-1,0.0137198200246366,10,0.2869,0.4849,0.3961,0.0906
2025-09-29,AAPL,40127700,-0.0005107042899879,1,0.0078174320877181,44,0.2025,0.683,0.3806,-0.009
2025-09-29,UNH,6878900,0.0034885215742981,1,0.0119192262776584,5,0.5685,0.5687,0.2849,-0.0495
2025-09-29,TSLA,79491500,-0.0025655781090997,1,0.0258355144112538,39,0.3231,0.696,0.4934,-0.1094
2025-09-29,BRK-B,5161900,-0.0015,1,0.0104600219726562,10,0.2036,0.8037,0.224,0.4896
2025-09-29,AMZN,44259200,0.0094965299913756,-1,0.0149945611791254,49,0.2566,0.6219,0.1842,0.0137
2025-09-29,GOOGL,32505800,-0.0153318658792798,-1,0.033810729948191,50,0.335,0.5928,0.3166,0.3178
2025-09-29,MSFT,17617800,0.0060605583302786,1,0.0155815654020038,51,0.3175,0.694,0.3452,0.3281
2025-09-30,TSLA,74358000,0.0072477176269637,1,0.0269070601069539,27,0.2998,0.7065,0.3231,0.4934
2025-09-30,GOOGL,34724300,0.0011943846951849,1,0.0166384964653604,58,0.4396,0.6922,0.335,0.3166
2025-09-30,AAPL,37704300,-0.0009024394843767,1,0.0110256515414901,33,0.016,0.6888,0.2025,0.3806
2025-09-30,BRK-B,3873500,0.0102483229559834,-1,0.0136243038737282,6,-0.1687,0.1687,0.2036,0.224
2025-09-30,MSFT,19728200,0.0091770362058213,1,0.0165613935861473,59,0.4745,0.7496,0.3175,0.3452
2025-09-30,JPM,11823300,-0.0025929085350791,-1,0.0230830618515316,10,0.2561,0.6655,0.2869,0.3961
2025-09-30,META,16226800,-0.0106028900197878,-1,0.022458717292228,60,0.385,0.7422,0.1104,0.15
2025-09-30,AMZN,48396400,-0.0110795454154977,1,0.0195919746314986,54,0.2981,0.6908,0.2566,0.1842
2025-09-30,UNH,7429700,0.0045090553977272,1,0.0203346058238635,7,-0.012,0.7418,0.5685,0.2849
2025-10-01,TSLA,98122300,0.0352861741614439,-1,0.0485353968846214,2,0.7814,0.9073,0.2998,0.3231
2025-10-01,UNH,8825500,0.0127943994608177,1,0.0205583234943205,3,0.6577,0.659,-0.012,0.5685
2025-10-01,BRK-B,4481100,-0.0085571896377487,-1,0.0138706491954291,10,0.3015,0.5051,-0.1687,0.2036
2025-10-01,JPM,9235200,-0.0103831886898436,-1,0.0228684035030916,1,-0.0,0.0,0.2561,0.2869
2025-10-01,MSFT,22632300,0.0095377511579547,-1,0.0171328817664341,1,1.0,1.0,0.4745,0.3175
2025-10-01,META,20419600,-0.0057519347947683,1,0.016147089407466,2,0.001,1.0,0.385,0.1104
2025-10-01,AAPL,48713900,0.0016076053674036,1,0.0151349434235988,2,1.0,1.0,0.016,0.2025
2025-10-01,AMZN,43933800,0.0150441859738622,1,0.0254876392647055,2,0.8212,0.9969,0.2981,0.2566
2025-10-02,TSLA,137009000,-0.0734050408417595,-1,0.0747651465059694,3,0.3275,0.9894,0.7814,0.2998
2025-10-02,BRK-B,3461400,-0.0020926795823115,1,0.0128581460091983,13,0.1726,0.3289,0.3015,-0.1687
2025-10-02,AMZN,41258600,0.0063345965796589,-1,0.0174652762603102,3,-0.2408,0.433,0.8212,0.2981
2025-10-02,MSFT,21222900,-0.0036705516580918,1,0.0210957086027685,3,0.5065,0.5543,1.0,0.4745
2025-10-02,GOOGL,25483300,0.0022027679313338,-1,0.0183968779078994,2,-0.0,0.0,0.4396,0.335
2025-10-03,BRK-B,4678800,0.0057471388154736,1,0.0151240171250447,15,0.1416,0.4796,0.1726,0.3015
2025-10-03,GOOGL,30249600,0.0035175286965895,1,0.0189782783974707,1,-0.0001,0.0002,-0.0,0.4396
2025-10-03,AMZN,43639000,-0.0175886497119104,1,0.0217508080793455,1,1.0,1.0,-0.2408,0.8212
2025-10-03,MSFT,15112300,0.0004834655033909,1,0.0106168835690895,2,0.0005,0.0006,0.5065,1.0
2025-10-03,META,16154300,-0.0261365448194275,1,0.0285350207432364,1,1.0,1.0,0.001,0.385
2025-10-03,TSLA,133188200,-0.0303639191346498,1,0.0681044053767498,3,-0.3302,0.3348,0.3275,0.7814
2025-10-03,UNH,13494800,0.0082575569126136,-1,0.0318824762727433,1,0.2788,0.28,0.6577,-0.012
2025-10-06,MSFT,21388600,0.0192052259963803,-1,0.0247392403776151,4,0.2767,0.2853,0.0005,0.5065
2025-10-06,GOOGL,28894700,0.0230819263202081,-1,0.0275349519028354,2,0.0562,0.07,-0.0001,-0.0
2025-10-06,AMZN,43690900,-0.0004525163055005,1,0.0257918413947609,2,0.4219,0.4237,1.0,-0.2408
2025-10-06,JPM,7214500,-0.0032239345657773,-1,0.0213424310835775,1,0.0,0.0,-0.0,0.2561
2025-10-06,AAPL,44664100,-0.0050389078730836,-1,0.0155820164526884,1,-1.0,1.0,1.0,0.016
2025-10-06,UNH,7181700,-0.006259894671541,1,0.0149849144957524,2,-0.0,0.0001,0.2788,0.6577
2025-10-06,BRK-B,3519500,0.0010410190463901,1,0.0139139383524149,2,1.0,1.0,0.1416,0.1726
2025-10-06,META,21654700,0.0148470208977401,-1,0.0373941704021513,1,-0.0003,0.0056,1.0,0.001
2025-10-07,AMZN,31194700,0.0040745829255204,1,0.0123143841025638,1,0.998,0.998,0.4219,1.0
2025-10-07,MSFT,14615200,-0.0081583935676527,1,0.0158246146988798,2,0.0016,0.004,0.2767,0.0005
2025-10-07,UNH,7236200,0.0118249351901609,1,0.0185303792166303,4,0.0728,0.9563,-0.0,0.2788
2025-10-07,BRK-B,3057400,0.0042785990786761,-1,0.0116962693151843,7,0.2527,0.611,1.0,0.1416
2025-10-07,AAPL,31955800,-0.0012849444157264,1,0.0076710456735767,2,-0.502,0.5021,-1.0,1.0
2025-10-07,META,12062900,-0.0064648523138287,1,0.0177645885867008,2,1.0,1.0,-0.0003,1.0
2025-10-07,JPM,8454200,-0.00536610192131,-1,0.0171650152055174,1,1.0,1.0,0.0,-0.0
2025-10-07,GOOGL,23181300,-0.0101100000903468,-1,0.0198171268549458,2,-0.0111,0.0925,0.0562,-0.0001
2025-10-08,META,10790600,0.0061532196696684,1,0.0165954539952169,2,1.0,1.0,1.0,-0.0003
2025-10-08,AAPL,36496900,0.006003464099789,-1,0.0093949936274984,3,0.3337,0.3339,-0.502,-1.0
2025-10-08,JPM,6489900,-0.0135621582416821,1,0.0169689858581058,1,-0.049,0.049,1.0,0.0
2025-10-08,UNH,9438300,0.0081487499295133,-1,0.0240645825255442,11,0.5341,0.7253,0.0728,-0.0
2025-10-08,BRK-B,2944600,-0.0057090472955995,-1,0.0098267440977402,1,0.9999,0.9999,0.2527,1.0
2025-10-08,AMZN,46686000,0.010317616502108,1,0.0248519349167326,3,-0.0,0.0003,0.998,0.4219
2025-10-08,GOOGL,21307100,-0.0013880290143722,-1,0.0089401825710074,1,-0.0132,0.0133,-0.0111,0.0562
2025-10-09,TSLA,69339900,0.008638083896661,-1,0.0235520564258225,3,0.6633,0.6667,-0.3302,0.3275
2025-10-09,BRK-B,3172200,-0.0064803005735397,-1,0.0134205194360492,7,0.2854,0.5718,0.9999,0.2527
2025-10-09,AMZN,46412100,0.0121778021918402,-1,0.0287111409505208,2,0.3363,0.8989,-0.0,0.998
2025-10-09,MSFT,18343600,0.0001148630308019,-1,0.0132672058802391,3,0.3375,0.3375,0.0016,0.2767
2025-10-09,AAPL,38322000,-0.014623188814096,-1,0.018851094435339,1,-0.9871,0.9874,0.3337,-0.502
2025-10-09,GOOGL,27892100,-0.0120260253884977,-1,0.0229476033146782,2,0.4911,0.4911,-0.0132,-0.0111
2025-10-09,META,12717200,0.0212034023605788,-1,0.0293339734711046,5,0.2013,0.6003,1.0,1.0
2025-10-09,UNH,8759800,-0.0129657111422505,-1,0.0272200551580747,5,0.9998,0.9998,0.5341,0.0728
2025-10-09,JPM,7060300,0.0015735486167398,-1,0.0152433833226055,3,-0.9672,0.9672,-0.049,1.0
2025-10-10,TSLA,112107900,-0.0528016169408557,1,0.0725706511560696,3,0.0001,0.0003,0.6633,-0.3302
2025-10-10,UNH,13141900,-0.0403356636239137,1,0.0457227515157795,10,-0.7843,0.9845,0.9998,0.5341
2025-10-10,JPM,8597400,-0.0156055386917576,1,0.0316037543230156,2,0.0024,0.0032,-0.9672,-0.049
2025-10-10,MSFT,24133800,-0.0167039160739609,1,0.0268455311634709,1,-0.0017,0.0017,0.3375,0.0016
2025-10-10,GOOGL,33180300,-0.0201299983390589,1,0.0341713964721814,3,0.6521,0.6625,0.4911,-0.0132
2025-10-10,BRK-B,4763800,-0.0163298041572398,1,0.0179587585234414,8,0.6248,0.6253,0.2854,0.9999
2025-10-13,JPM,10788700,0.0077552194694156,-1,0.0131216595810164,1,-0.0001,0.0001,0.0024,-0.9672
2025-10-13,AMZN,37809700,0.010886588926044,-1,0.0167202546654782,2,0.2657,0.2693,0.3363,-0.0
2025-10-13,TSLA,79552800,0.0292068924346337,-1,0.0405874495099554,3,1.0,1.0,0.0001,0.6633
2025-10-13,GOOGL,24995000,0.0164022608238398,1,0.0199408565515697,2,0.0353,0.0364,0.6521,0.4911
2025-10-13,BRK-B,3183500,0.0077435190547158,1,0.0122502930318956,6,0.0003,0.6659,0.6248,0.2854
2025-10-13,UNH,5659400,0.0110503848893508,1,0.0164627515889374,11,0.4542,0.6361,-0.7843,0.9998
2025-10-13,AAPL,38142900,-0.0068971095798614,1,0.0165610907127589,1,0.9794,0.9799,-0.9871,0.3337
2025-10-13,META,9251800,0.0037727414826763,-1,0.0172507925898711,2,-0.6731,0.7052,0.2013,1.0
2025-10-14,UNH,5974800,0.0140300895829954,1,0.0251584515246408,6,0.5999,0.6057,0.4542,-0.7843
2025-10-14,GOOGL,22111600,0.0174936836025543,1,0.0274012383510437,1,0.9988,0.9988,0.0353,0.6521
2025-10-14,JPM,16178800,-0.0122940420175488,1,0.0418192803363478,5,0.8,0.8,-0.0001,0.0024
2025-10-14,MSFT,14684300,0.0065460601414527,-1,0.0181879330832299,1,0.9999,0.9999,-0.0017,0.3375
2025-10-14,TSLA,72669400,0.0057404851107128,1,0.0382858701664027,2,0.0054,0.0159,1.0,0.0001
2025-10-14,BRK-B,3056000,0.0121836759606186,1,0.0145101741868621,2,0.5,0.5,0.0003,0.6248
2025-10-14,AMZN,45665600,0.0038504446115011,-1,0.0311746209724117,2,0.4931,0.5069,0.2657,0.3363
2025-10-15,MSFT,14694700,-0.002971161316589,-1,0.0139622536403184,3,0.6672,0.668,0.9999,-0.0017
2025-10-15,JPM,11354800,-0.0022847095974536,-1,0.0218022531949878,1,1.0,1.0,0.8,-0.0001
2025-10-15,META,10246800,0.0006833322679319,-1,0.0200680761685658,1,-0.009,0.0095,-0.6731,0.2013
2025-10-15,BRK-B,3566200,0.0050415484566193,-1,0.0129176047006586,6,0.4547,0.4554,0.5,0.0003
2025-10-15,GOOGL,27007700,0.0152881649314332,1,0.0247522552767947,2,0.0254,0.0286,0.9988,0.0353
2025-10-15,UNH,6579600,0.0048971289582669,-1,0.0232894481650393,3,-0.3331,0.3335,0.5999,0.4542
2025-10-15,AMZN,45909500,-0.0048471416149775,-1,0.0233127281210854,2,-0.0023,0.0092,0.4931,0.2657
2025-10-15,TSLA,71558200,0.0005748447999737,-1,0.0326052503848379,5,0.2863,0.4037,0.0054,1.0
2025-10-16,BRK-B,4254300,-0.0137005820445927,1,0.0205811381788012,5,-0.3562,0.4406,0.4547,0.5
2025-10-16,GOOGL,27997200,-0.0012312728018954,1,0.0272470319543655,3,-0.0022,0.0025,0.0254,0.9988
2025-10-16,TSLA,77189900,-0.0137556893593807,1,0.0414970397465594,3,0.3333,1.0,0.2863,0.0054
2025-10-16,JPM,10549400,-0.022302267635407,-1,0.0380218933011143,8,0.2537,0.999,1.0,0.8
2025-10-16,MSFT,15559600,-0.0018924493853438,1,0.017011920895068,1,0.9979,0.9979,0.6672,0.9999
2025-10-16,AMZN,42414600,-0.00556404209408,-1,0.0268001985828792,1,0.0,0.0,-0.0023,0.4931
2025-10-16,META,9017000,-0.0076370713706027,1,0.0301163482951623,2,0.9763,0.9764,-0.009,-0.6731
2025-10-16,AAPL,39777000,-0.0032225701984201,1,0.0157502050486215,1,0.9979,0.9979,0.9794,-0.9871
2025-10-16,UNH,5872100,-0.0142880360448833,-1,0.0210037756478934,15,0.4043,0.5454,-0.3331,0.5999
2025-10-17,UNH,8608400,0.0159544333433494,1,0.0215385415275553,6,0.5028,0.5029,0.4043,-0.3331
2025-10-17,AAPL,49147000,0.0172163089271665,1,0.0246351121082937,1,1.0,1.0,0.9979,0.9794
2025-10-17,BRK-B,3794300,0.0049388029137436,1,0.0085714534837373,4,0.303,0.697,-0.3562,0.4547
2025-10-17,JPM,10153500,-0.0053483289341136,1,0.0178833250449485,39,0.0626,0.7518,0.2537,1.0
2025-10-17,TSLA,89331600,0.0324559284573296,1,0.0419741136346944,4,-0.0637,0.4319,0.3333,0.2863
2025-10-20,META,8900200,0.0152248095946699,1,0.0188438924686464,1,-0.0,0.0001,0.9763,-0.009
2025-10-20,MSFT,14665600,0.0042362036062941,1,0.0102408030960567,1,0.0,0.0001,0.9979,0.6672
2025-10-20,JPM,6894900,0.0129312742095896,-1,0.0185259590596211,17,0.3806,0.6085,0.0626,0.2537
2025-10-20,TSLA,63719000,0.0080203609114282,-1,0.0207042659844129,1,-0.0004,0.0007,-0.0637,0.3333
2025-10-20,UNH,5996500,0.0165671955704827,1,0.0224800506679964,6,0.8357,0.8952,0.5028,0.4043
2025-10-20,GOOGL,22350200,0.0073029382140369,-1,0.0121716236012825,1,-0.0102,0.0137,-0.0022,0.0254
2025-10-20,AMZN,38882800,0.012156306271599,1,0.0144941370522884,2,0.5,0.5,0.0,-0.0023
2025-10-20,BRK-B,4605300,0.0034933814117225,-1,0.0083272528749224,3,0.0002,0.0003,0.303,-0.3562
2025-10-20,AAPL,90483000,0.0248153146268811,1,0.034194380479388,6,0.8289,0.8307,1.0,0.9979
2025-10-21,UNH,6885300,0.000629841867568,-1,0.0261543172751517,6,-0.4972,0.8341,0.8357,0.5028
2025-10-21,META,7647300,-0.0037363114141262,1,0.0132469222864473,1,0.9992,0.9997,-0.0,0.9763
2025-10-21,AMZN,50494600,0.0164812810704945,-1,0.0244014192637274,1,0.9959,0.996,0.5,0.0
2025-10-21,GOOGL,47312100,-0.0168014394559308,1,0.0421214208799099,12,0.0277,0.4201,-0.0102,-0.0022
2025-10-21,JPM,7372700,-0.0151495301622338,-1,0.023370641475114,19,0.2858,0.5787,0.3806,0.0626
2025-10-21,BRK-B,2714500,-0.0048815142850325,1,0.0090135954972697,8,-0.1357,0.1358,0.0002,0.303
2025-10-21,AAPL,46695900,0.003398442470847,-1,0.0132122418975995,2,1.0,1.0,0.8289,1.0
2025-10-22,MSFT,18962700,-0.0011705772966327,1,0.0144295464718602,2,0.0002,0.0004,0.0,0.9979
2025-10-22,UNH,7833000,-0.0067864635638337,-1,0.0164853284450649,10,0.4173,0.9734,-0.4972,0.8357
2025-10-22,META,8734500,-0.0005723995142338,1,0.0225800878993396,1,0.1247,0.9549,0.9992,-0.0
2025-10-22,TSLA,84023500,-0.010102629074315,1,0.0372984735361782,3,0.0007,0.6666,-0.0004,-0.0637
2025-10-22,AMZN,44308500,-0.0061559784985365,1,0.0159142279334641,3,-0.2876,0.3754,0.9959,0.5
2025-10-22,BRK-B,3376000,0.0001626635968489,-1,0.0097411352528877,5,-0.0374,0.0405,-0.1357,0.0002
2025-10-22,AAPL,45015300,-0.0159907930213332,1,0.0282505752909278,1,-0.0001,0.0001,1.0,0.8289
2025-10-22,JPM,8054100,-0.0122913785712008,1,0.0252543550093176,18,0.3783,0.6364,0.2858,0.3806
2025-10-22,GOOGL,35029400,-0.0105358050368581,1,0.0277941274566307,3,0.3336,0.9995,0.0277,-0.0102
2025-10-23,AAPL,32754900,-0.001384996021233,1,0.0100407221937718,3,0.627,0.6272,-0.0001,1.0
2025-10-23,BRK-B,3063000,-0.0041244209943873,1,0.0088177875087689,2,1.0,1.0,-0.0374,-0.1357
2025-10-23,MSFT,14023500,-0.0036366886156926,1,0.0102209291254598,4,-0.0292,0.1235,0.0002,0.0
2025-10-23,UNH,5756700,0.0136960060146013,1,0.0242982857785316,13,0.0264,0.7348,0.4173,-0.4972
2025-10-23,JPM,5438800,0.0005435276155154,1,0.0131122538471968,21,0.1359,0.5995,0.3783,0.2858
2025-10-23,GOOGL,19901400,0.0003953122982235,1,0.0126096420131687,1,1.0,1.0,0.3336,0.0277
2025-10-23,AMZN,31540000,0.0095433622734731,1,0.0142466227213541,2,0.0007,0.0038,-0.2876,0.9959
2025-10-24,TSLA,94727800,-0.0293399855549807,1,0.0481390683133306,16,0.1763,0.5459,0.0007,-0.0004
2025-10-24,AMZN,38685100,0.0100914784918924,1,0.0157678964758844,1,0.9971,0.9971,0.0007,-0.2876
2025-10-24,UNH,5462100,0.0031270025128844,1,0.014915501345621,10,0.1007,0.6997,0.0264,0.4173
2025-10-24,JPM,7228300,0.0147258040626682,1,0.0241488591622156,15,0.268,0.5367,0.1359,0.3783
2025-10-24,BRK-B,3166800,0.0024240745401988,-1,0.0072926138459949,3,0.008,0.0333,1.0,-0.0374
2025-10-24,GOOGL,28655100,0.0130174878410792,1,0.02478753482112,1,-0.0,0.0,1.0,0.3336
2025-10-27,TSLA,105867500,0.0282740172980104,1,0.048797674177453,70,0.2394,0.5858,0.1763,0.0007
2025-10-27,JPM,5642200,0.0065858823479506,1,0.0116494207407017,15,0.4172,0.4375,0.268,0.1359
2025-10-27,MSFT,18734700,-0.0004889423282194,1,0.010474269467365,3,0.33,0.3369,-0.0292,0.0002
2025-10-27,GOOGL,35235200,0.0168037971693165,-1,0.0221282973607286,8,0.3729,0.3846,-0.0,1.0
2025-10-27,BRK-B,6451500,-0.0078264880436323,-1,0.0157545938129197,7,-0.5636,0.852,0.008,1.0
2025-10-27,AMZN,38267000,-0.0030308461315424,1,0.0125625958198453,2,-0.0002,0.0002,0.9971,0.0007
2025-10-27,UNH,7766400,0.0068225886831584,1,0.013259992638841,16,0.3618,0.3908,0.1007,0.0264
2025-10-27,AAPL,44888200,0.0148368793541812,1,0.0168755705915995,2,0.1858,0.1866,0.627,-0.0001
2025-10-28,MSFT,29986700,-0.0144181685014203,-1,0.0235453657670454,5,0.5627,0.5629,0.33,-0.0292
2025-10-28,META,12193800,-0.0015811254317339,1,0.0171133289920031,38,0.3385,0.6375,0.1247,0.9992
2025-10-28,AAPL,41534800,3.721240934028383e-05,1,0.0064687193394705,47,0.3989,0.6667,0.1858,0.627
2025-10-28,JPM,6336000,0.0016400971725542,1,0.0157777267916839,10,0.748,0.7612,0.4172,0.268
2025-10-28,UNH,18858700,-0.0337291073471944,-1,0.0587632540390417,71,0.645,0.7818,0.3618,0.1007
2025-10-28,GOOGL,29738600,-0.0082316778545968,1,0.0156847155921072,17,0.6771,0.6824,0.3729,-0.0
2025-10-28,AMZN,47100000,0.0045131836551906,1,0.0231355654677734,27,0.3207,0.4478,-0.0002,0.9971
2025-10-28,TSLA,80185700,0.012687429150709,1,0.0338625136061842,34,0.245,0.5014,0.2394,0.1763
2025-10-28,BRK-B,5029100,-0.0072583080577646,-1,0.0094028954068766,8,0.4467,0.6442,-0.5636,0.008
2025-10-29,GOOGL,43580300,0.025471549296802,1,0.0286460612890987,84,0.5368,0.6875,0.6771,0.3729
2025-10-29,META,26818600,-0.0040808441071133,-1,0.0220602363417108,73,0.342,0.6502,0.3385,0.1247
2025-10-29,TSLA,67983500,-0.0021405194256756,-1,0.0282162558065879,42,0.1803,0.6576,0.245,0.2394
2025-10-29,MSFT,36023000,-0.0062208952054349,-1,0.0175065860824297,86,0.3736,0.6437,0.5627,0.33
2025-10-29,AAPL,51086700,0.0015597646674034,1,0.0159685766861249,62,0.394,0.7197,0.3989,0.1858
2025-10-29,JPM,7520300,0.0065895685007042,1,0.0172646372962176,9,0.0017,0.4458,0.748,0.4172
2025-10-29,UNH,11874900,-0.0247611426482317,-1,0.0336828512539493,30,0.0896,0.7935,0.645,0.3618
2025-10-29,BRK-B,6204500,-0.0032682425514464,1,0.0106427270894075,3,-0.3004,0.328,0.4467,-0.5636
2025-10-29,AMZN,52036200,-0.0059135629473628,-1,0.021841467852444,75,0.2397,0.5737,0.3207,-0.0002
2025-10-30,JPM,7514600,0.0119362758575815,1,0.0245592695581602,23,0.47,0.6476,0.0017,0.748
2025-10-30,BRK-B,4786600,0.0077499635754411,-1,0.0127832688295688,5,0.4,0.4001,-0.3004,0.4467
2025-10-30,TSLA,72447900,-0.0242766477902647,1,0.0342534367036116,48,-0.0703,0.537,0.1803,0.245
2025-10-30,GOOGL,74876000,-0.0346719211170987,-1,0.0395418187321352,100,0.2814,0.6613,0.5368,0.6771
2025-10-30,AMZN,102252900,-0.0184973002439954,1,0.0250594666721861,75,0.1342,0.5861,0.2397,0.3207
2025-10-30,AAPL,69886500,-0.0021691840107139,-1,0.020809602799103,76,0.1932,0.5717,0.394,0.3989
2025-10-30,META,88440100,-0.0040051611942841,-1,0.0460136560399308,104,-0.1897,0.6221,0.342,0.3385
2025-10-30,UNH,11441900,-0.0079707329110294,-1,0.0314802105986942,15,0.3348,0.8676,0.0896,0.645
2025-10-30,MSFT,41023100,-0.008897547272103,-1,0.0242232997644564,100,0.0603,0.6603,0.3736,0.5627
2025-10-31,GOOGL,39267900,-0.0071324779302226,1,0.031672615696279,57,0.2662,0.6864,0.2814,0.5368
2025-10-31,AMZN,166340800,-0.0235106147113758,1,0.0260695886179321,96,0.6131,0.7638,0.1342,0.2397
2025-10-31,META,56953200,-0.0387837597677422,-1,0.0434686022441783,61,0.1856,0.7253,-0.1897,0.342
2025-10-31,AAPL,86167100,-0.0238997629899405,-1,0.029459561535797,72,0.6139,0.8206,0.1932,0.394
2025-10-31,MSFT,34006400,-0.0209310377061269,-1,0.0268870662664437,64,0.3103,0.745,0.0603,0.3736
2025-10-31,TSLA,83135800,0.0219585843505176,1,0.0320313319722298,21,0.3118,0.6451,-0.0703,0.1803
2025-10-31,JPM,7721300,0.0083619190406873,-1,0.0182148018459307,18,0.2179,0.4643,0.47,0.0017
2025-10-31,BRK-B,7146400,0.0015520569859461,-1,0.0071308598647881,5,-0.2013,0.2063,0.4,-0.3004
2025-10-31,UNH,8390800,-0.0082174771900188,-1,0.0265977620502734,6,-0.2121,0.6833,0.3348,0.0896
2025-11-03,MSFT,22374700,-0.0053480469301774,-1,0.0199495876683645,2,0.5688,0.5713,0.3103,0.0603
2025-11-03,BRK-B,5868100,-0.0079873558671189,1,0.0142645538124092,18,0.0241,0.2366,-0.2013,0.4
2025-11-03,TSLA,84595200,0.0271497294851785,-1,0.0444527730111605,4,0.4811,0.4811,0.3118,-0.0703
2025-11-03,AAPL,50194600,-0.0050662878734444,1,0.0170105978666586,4,-0.244,0.7442,0.6139,0.1932
2025-11-03,META,33003600,-0.0278810640660727,-1,0.0352896713629002,8,0.208,0.4956,0.1856,-0.1897
2025-11-03,AMZN,95997800,-0.0053258169137724,-1,0.0223214763213004,9,0.5482,0.5547,0.6131,0.1342
2025-11-03,UNH,11181400,-0.0157461630083007,-1,0.0415769937796803,13,-0.2674,0.6482,-0.2121,0.3348
2025-11-03,GOOGL,29786000,0.0054575398146364,-1,0.0203062270006923,3,-0.0003,0.0022,0.2662,0.2814
2025-11-04,AAPL,49274800,0.0063728321776504,1,0.0144225219351145,2,0.0331,0.035,-0.244,0.6139
2025-11-04,BRK-B,7803200,0.0255730886689997,1,0.0279495447842731,11,0.2133,0.6194,0.0241,-0.2013
2025-11-04,MSFT,20958700,0.0050218994747083,-1,0.0150656387915287,2,0.4853,0.5151,0.5688,0.3103
2025-11-04,TSLA,87756600,-0.0224441796444943,1,0.0365708652679722,2,0.4993,0.5007,0.4811,0.3118
2025-11-04,META,27356600,-0.0011463771866663,1,0.0250461451803712,2,0.0551,0.9477,0.208,0.1856
2025-11-04,UNH,9646600,0.0097670593100826,-1,0.0283856412854958,8,0.0001,0.75,-0.2674,-0.2121
2025-11-04,GOOGL,30078400,0.0028545927549119,1,0.0181029060453366,1,0.9999,0.9999,-0.0003,0.2662
2025-11-04,AMZN,51546300,-0.0042335551478636,1,0.0333493327768875,2,-0.002,0.0021,0.5482,0.6131
2025-11-05,UNH,9697100,0.0044131244109022,-1,0.0183573106296759,10,0.2793,0.7002,0.0001,-0.2674
2025-11-05,AAPL,43683100,0.0056960998485311,-1,0.0177581616149038,1,1.0,1.0,0.0331,-0.244
2025-11-05,AMZN,40610700,0.004698221799303,-1,0.0194353947782014,2,0.0291,0.971,-0.002,0.5482
2025-11-05,GOOGL,31010300,0.019507306403187,1,0.0325600360340957,2,0.0002,0.0002,0.9999,-0.0003
2025-11-05,META,20219900,0.0057566931765936,-1,0.0248137820088038,6,-0.0663,0.2702,0.0551,0.208
2025-11-05,BRK-B,6551200,0.0029342813775329,1,0.0134403462875341,2,0.5123,0.5151,0.2133,0.0241
2025-11-05,MSFT,23024300,-0.0119617850708694,-1,0.0160725320743737,3,-0.2431,0.4594,0.4853,0.5688
2025-11-06,GOOGL,37173600,-0.0020326870625591,-1,0.0252689580288895,2,0.5042,0.5042,0.0002,0.9999
2025-11-06,UNH,7922100,-0.0223763090376915,1,0.0331995088908004,6,0.3534,0.3537,0.2793,0.0001
2025-11-06,META,23628800,-0.0265942813459238,1,0.0283085644273447,4,-0.1365,0.4086,-0.0663,0.0551
2025-11-06,AAPL,51204000,0.0070177097406991,-1,0.0205680650519125,2,0.4998,0.5002,1.0,0.0331
2025-11-06,MSFT,27406500,-0.0169283658913108,-1,0.0195586255128182,4,0.0577,0.6126,-0.2431,0.4853
2025-11-06,BRK-B,4964700,0.006428558972417,1,0.0148571403659119,7,0.3216,0.6586,0.5123,0.2133
2025-11-06,AMZN,46004200,-0.024562571383953,1,0.0329507408620885,3,0.6665,0.6665,0.0291,-0.002
2025-11-07,BRK-B,6377800,0.0083446243790644,-1,0.0137595168192905,4,-0.1491,0.7592,0.3216,0.5123
2025-11-07,UNH,9402900,0.0142338351399702,-1,0.0325032347238597,3,-0.6618,0.662,0.3534,0.2793
2025-11-07,TSLA,103471500,-0.0191816408396431,1,0.0399159205625904,1,-0.978,0.9788,0.4993,0.4811
2025-11-07,META,29946800,0.0084673422455678,1,0.0339502554904812,8,-0.0092,0.5972,-0.1365,-0.0663
2025-11-07,MSFT,24019800,-0.0002616055531121,1,0.0123352545170253,1,-0.0066,0.0788,0.0577,-0.2431
2025-11-07,GOOGL,34479600,-0.0154655733023714,1,0.0303308378837797,1,1.0,1.0,0.5042,0.0002
2025-11-07,AMZN,46374300,0.0062165903810953,1,0.0263894136039049,1,-0.3842,0.385,0.6665,0.0291
2025-11-10,AAPL,41312400,0.0017474763371325,1,0.0233120900150578,2,0.4998,0.5002,0.4998,1.0
2025-11-10,META,19245000,0.0010616281063647,-1,0.0267632412646344,1,-0.9449,0.9997,-0.0092,-0.1365
2025-11-10,TSLA,76515900,0.0128071082908191,-1,0.0371019741804353,3,-0.3334,0.3334,-0.978,0.4993
2025-11-10,UNH,9283800,0.0049688939854839,1,0.0221256501401182,11,0.3985,0.7597,-0.6618,0.3534
2025-11-10,MSFT,26101500,0.0119190291841271,1,0.0160987484460927,1,1.0,1.0,-0.0066,0.0577
2025-11-10,BRK-B,5084000,-0.000201125751666,1,0.0123722420186198,12,0.0823,0.2776,-0.1491,0.3216
2025-11-11,META,13302200,-0.0014649409397392,-1,0.0161942403027965,2,-0.5068,0.5096,-0.9449,-0.0092
2025-11-11,TSLA,60533200,0.0005006855342718,-1,0.0230541762028311,3,0.4366,0.4382,-0.3334,-0.978
2025-11-11,UNH,7157800,0.0128364508838771,1,0.0246828975256879,8,-0.0342,0.488,0.3985,-0.6618
2025-11-11,MSFT,17980000,0.0076862222199651,1,0.0143621239606159,2,0.5122,0.5185,1.0,-0.0066
2025-11-11,BRK-B,2960200,-0.0030485750312603,1,0.0110110316586746,4,0.2807,0.7416,0.0823,-0.1491
2025-11-11,JPM,5030200,-0.0059212752214567,1,0.0118739811454233,10,0.2024,0.2031,0.2179,0.47
2025-11-12,AMZN,31190100,-0.0241368622615654,-1,0.0264545834873246,4,0.229,0.2888,-0.3842,0.6665
2025-11-12,GOOGL,24829900,-0.0170392256771192,-1,0.0285244361393922,1,-0.0002,0.0002,1.0,0.5042
2025-11-12,UNH,10403300,0.0323031967034141,-1,0.0489877492996613,13,0.1067,0.5649,-0.0342,0.3985
2025-11-12,BRK-B,5456000,0.0105398467209287,1,0.0150052737905409,3,0.6569,0.6579,0.2807,0.0823
2025-11-12,JPM,10578300,0.0131220950115062,-1,0.0190982367622071,36,0.3436,0.4727,0.2024,0.2179
2025-11-12,META,24493300,-0.030439550679886,1,0.0337827687551464,1,-0.0736,0.0738,-0.5068,-0.9449
2025-11-12,TSLA,58513500,-0.0261223294185384,-1,0.0356666046169027,1,-0.0673,0.0678,0.4366,-0.3334
2025-11-12,MSFT,26574900,0.0034946390530588,-1,0.0246387990251822,1,-0.9958,0.9989,0.5122,1.0
2025-11-12,AAPL,48398000,-0.005563631924716,-1,0.0146545410156248,1,1.0,1.0,0.4998,0.4998
2025-11-13,META,20973800,-0.0051869976312502,-1,0.0238961688535432,4,0.2495,0.2506,-0.0736,-0.5068
2025-11-13,GOOGL,29494000,-0.0133526565933653,-1,0.019834264277647,2,-0.0007,0.0009,-0.0002,1.0
2025-11-13,TSLA,118948000,-0.0499610389348122,1,0.0665516586797204,1,-0.231,0.2336,-0.0673,0.4366
2025-11-13,BRK-B,7340700,0.0164216510975555,-1,0.0186997391237375,5,0.0104,0.3905,0.6569,0.2807
2025-11-13,UNH,7788700,-0.0172307284902488,-1,0.0228756911327113,12,0.1687,0.3489,0.1067,-0.0342
2025-11-13,MSFT,25273100,-0.0137563227200263,1,0.0239266162009224,1,0.6557,0.6602,-0.9958,0.5122
2025-11-13,AMZN,41401700,-0.0225056620120193,-1,0.0298292528655352,1,0.9953,0.9958,0.229,-0.3842
2025-11-13,JPM,8973300,-0.0305422412193494,-1,0.0361181542539578,18,0.1841,0.7769,0.3436,0.2024
2025-11-13,AAPL,49602800,-0.0042317799661457,-1,0.0168181245321218,2,0.5,0.5,1.0,0.4998
2025-11-14,UNH,8676500,-0.015568211241557,-1,0.0236121759671768,11,-0.1819,0.9088,0.1687,0.1067
2025-11-14,MSFT,28505700,0.0239848692891786,-1,0.0284206156792465,4,0.0006,0.5,0.6557,-0.9958
2025-11-14,GOOGL,31647200,0.0184223128570629,1,0.0289598218396832,3,-0.0,0.0,-0.0007,-0.0002
2025-11-14,META,20724100,0.0127453833153798,-1,0.0307083553124747,2,-0.4194,0.8974,0.2495,-0.0736
2025-11-14,AMZN,38956700,-0.0015740454395915,-1,0.0248447051754727,4,0.0896,0.0903,0.9953,0.229
2025-11-14,JPM,10327000,-0.0126825933797568,-1,0.0208448618209042,23,-0.0436,0.7096,0.1841,0.3436
2025-11-14,BRK-B,5462500,-0.0111910037478454,-1,0.019817333296177,9,0.3329,0.3329,0.0104,0.6569
2025-11-14,TSLA,105506700,0.0467253918739973,1,0.0761325513628316,5,0.3278,0.7948,-0.231,-0.0673
2025-11-17,MSFT,19092800,-0.0018881344273925,-1,0.0141803349040776,1,-0.0001,0.0001,0.0006,0.6557
2025-11-17,META,16501300,-0.0115427041168766,-1,0.0267469765779683,1,-0.0026,0.0047,-0.4194,0.2495
2025-11-17,AAPL,45018300,-0.0050592062796142,-1,0.0177069381681325,1,0.0,0.0001,0.5,1.0
2025-11-17,JPM,8344000,-0.0119408055355675,-1,0.026052575362356,14,0.1456,0.7139,-0.0436,0.1841
2025-11-17,TSLA,102214300,0.0255304796174962,-1,0.0632492397009868,3,-0.2606,0.298,0.3278,-0.231
2025-11-17,AMZN,59919000,-0.0016291742028403,-1,0.0231940135567388,3,-0.0028,0.0028,0.0896,0.9953
2025-11-17,GOOGL,52670200,-0.0026594225238693,-1,0.0363216632624763,13,0.3159,0.3281,-0.0,-0.0007
2025-11-17,UNH,6485400,-0.0002495854283231,-1,0.0263568685157883,8,0.6213,0.6215,-0.1819,0.1687
2025-11-17,BRK-B,5371000,-0.0146261254674988,1,0.0164862319554583,16,-0.035,0.4347,0.3329,0.0104
2025-11-18,JPM,8077300,-0.0003004886073142,1,0.0197997435504487,15,0.3085,0.496,0.1456,-0.0436
2025-11-18,AMZN,60608400,-0.0243314463097345,1,0.0341078411710615,2,-0.496,0.5011,-0.0028,0.0896
2025-11-18,AAPL,45677300,-0.0094447493803572,1,0.0199636443046662,4,0.4999,0.5003,0.0,0.5
2025-11-18,GOOGL,49158700,-0.012642450954008,1,0.0368156956501323,3,0.4756,0.5572,0.3159,-0.0
2025-11-18,META,25500600,0.0102941634665164,-1,0.0336036928128108,4,-0.6914,0.7228,-0.0026,-0.4194
2025-11-18,MSFT,33815100,-0.0031895080199435,-1,0.0327028531536289,3,0.2157,0.8824,-0.0001,0.0006
2025-11-18,UNH,9182100,-0.0108199207838746,-1,0.0275385972600125,18,-0.2909,0.5928,0.6213,-0.1819
2025-11-18,BRK-B,5457400,0.0019467618352231,-1,0.0119986657843027,7,0.248,0.2916,-0.035,0.3329
2025-11-19,BRK-B,4695000,-0.0048243813933232,-1,0.0172725528893999,2,0.9997,0.9998,0.248,-0.035
2025-11-19,AMZN,58335600,-0.0046929606953544,-1,0.0233306565323324,1,-0.9941,0.9971,-0.496,-0.0028
2025-11-19,AAPL,40424500,0.0114111354394097,-1,0.0252701822239501,4,0.7517,0.7518,0.4999,0.0
2025-11-19,GOOGL,68198900,0.0196754207564801,-1,0.0598272477249174,9,0.7746,0.7748,0.4756,0.3159
2025-11-19,TSLA,72047700,-0.0053917043697283,-1,0.0326948619300832,2,0.9965,0.9965,-0.2606,0.3278
2025-11-19,JPM,5546600,0.011776869601339,-1,0.017281722032849,17,0.2913,0.6014,0.3085,0.1456
2025-11-19,UNH,8181100,-0.0154174384442752,1,0.0333513887330804,12,0.1288,0.568,-0.2909,0.6213
2025-11-19,MSFT,23245300,-0.0060804140975641,-1,0.0252193750565471,2,-0.498,0.4984,0.2157,-0.0001
2025-11-19,META,24744700,-0.005726543735559,-1,0.023714912390717,6,0.3486,0.3641,-0.6914,-0.0026
2025-11-20,JPM,7501600,-0.0259841729785042,-1,0.0383887507547456,15,0.3011,0.7079,0.2913,0.3085
2025-11-20,BRK-B,5486900,1.9975186920247605e-05,1,0.0112550434301976,5,0.1892,0.2109,0.9997,0.248
2025-11-20,UNH,7337600,0.0023487371450802,1,0.0152826486834759,9,0.1298,0.5504,0.1288,-0.2909
2025-11-20,GOOGL,62025200,-0.0495501277812065,1,0.0582846243579248,3,0.3335,0.3335,0.7746,0.4756
2025-11-20,META,20603000,-0.0237779214348591,1,0.0387241012712304,1,-0.0,0.0,0.3486,-0.6914
2025-11-20,AMZN,50309000,-0.0436467893807969,1,0.0469940454769029,1,-0.6968,0.7223,-0.9941,-0.496
2025-11-20,TSLA,113548800,-0.0467886879097604,-1,0.0824832062423878,3,0.3297,0.3297,0.9965,-0.2606
2025-11-20,AAPL,45823600,-0.0169109286243809,1,0.0351142034470003,2,0.0,0.0,0.7517,0.4999
2025-11-20,MSFT,26802500,-0.0289825638346099,-1,0.0366747328806019,1,-0.0047,0.0047,-0.498,0.2157
2025-11-21,GOOGL,74137700,0.0109304031023698,1,0.0339720898321656,1,-0.1368,0.1383,0.3335,0.7746
2025-11-21,JPM,11766800,-0.0108533951956872,-1,0.0294400573056671,9,0.1143,0.6516,0.3011,0.2913
2025-11-21,AAPL,59030800,0.0208308996918981,1,0.0288023041659733,2,-0.0,0.0,0.0,0.7517
2025-11-21,AMZN,68490500,0.0200600703279578,1,0.0324937085267394,2,-0.0685,0.071,-0.6968,-0.9941
2025-11-21,BRK-B,6059000,0.0015101131923946,1,0.0106302776118503,2,0.1362,0.9993,0.1892,0.9997
2025-11-21,MSFT,31769200,-0.0133333435377481,1,0.0222571043136102,3,0.2095,0.2113,-0.0047,-0.498
2025-11-21,TSLA,100460600,-0.0279131307960982,1,0.0473254565537925,10,-0.3993,0.7353,0.3297,0.9965
2025-11-21,UNH,8406300,0.0258407792759514,-1,0.0397550375136967,11,0.3338,0.6736,0.1298,0.1288
2025-11-24,JPM,10940200,-0.0008046883122092,1,0.0178044451866461,16,0.0668,0.5615,0.1143,0.3011
2025-11-24,BRK-B,13404500,0.0117752614743571,1,0.0239689159704952,3,0.6667,0.6667,0.1362,0.1892
2025-11-24,TSLA,96806400,0.0388143939885449,1,0.0512967257478521,64,0.2802,0.6192,-0.3993,0.3297
2025-11-24,MSFT,34421000,-0.0021052631578947,1,0.0186947471217105,65,0.4229,0.7687,0.2095,-0.0047
2025-11-24,UNH,10773800,-0.0168859920714291,1,0.0253597849729915,11,-0.1773,0.5468,0.3338,0.1298
2025-11-24,AAPL,65585800,0.018530895697134,1,0.0225175571832849,50,0.4071,0.7036,-0.0,0.0
2025-11-24,META,23554900,0.0239344230876663,1,0.0318512965281971,30,0.3048,0.5692,-0.0,0.3486
2025-11-24,AMZN,54318400,0.016714599485578,1,0.0227354314077111,60,0.3764,0.6848,-0.0685,-0.6968
2025-11-24,GOOGL,85165100,0.023944915541846,1,0.0317552300573964,7,0.3935,0.6797,-0.1368,0.3335
2025-11-25,GOOGL,88632100,-0.0084914290985269,-1,0.0342723796592259,79,0.2055,0.6397,0.3935,-0.1368
2025-11-25,UNH,6149100,0.016068770990814,1,0.022110133942063,9,0.4078,0.6813,-0.1773,0.3338
2025-11-25,JPM,8877200,0.0098317358008584,1,0.0297950435097994,11,0.3501,0.7281,0.0668,0.1143
2025-11-25,AMZN,39379300,0.0145330559906821,-1,0.0296846058651768,59,0.2811,0.5795,0.3764,-0.0685
2025-11-25,AAPL,46914200,0.0061757993057021,1,0.0186362665294315,57,0.2347,0.6404,0.4071,-0.0
2025-11-25,META,25213000,0.0195832863832132,-1,0.0300480769230768,67,-0.0658,0.6169,0.3048,-0.0
2025-11-25,MSFT,28019800,0.0061593917882243,1,0.0300799017607845,58,0.2852,0.6511,0.4229,0.2095
2025-11-25,BRK-B,4064000,-0.0007073376628282,1,0.0108069873639847,5,0.3091,0.3124,0.6667,0.1362
2025-11-25,TSLA,71915600,0.0120167470377692,1,0.0350610450955707,56,0.2347,0.734,0.2802,-0.3993
2025-11-26,AMZN,38497900,-0.0068475417935339,1,0.0129149504056303,59,0.1212,0.6123,0.2811,0.3764
2025-11-26,GOOGL,51373400,-0.0022763517694352,1,0.0240426332517512,91,0.3532,0.7166,0.2055,0.3935
2025-11-26,META,15209500,-0.0063981198924608,1,0.0105536866549327,78,0.2638,0.7471,-0.0658,0.3048
2025-11-26,UNH,5504200,0.0095532476566109,1,0.0284760338566738,4,0.4651,0.5842,0.4078,-0.1773
2025-11-26,AAPL,33431400,0.0021302583625559,1,0.0104708043975902,55,0.1523,0.729,0.2347,0.4071
2025-11-26,BRK-B,3686700,0.00388809226574,1,0.0099165798930719,4,0.746,0.7521,0.3091,0.6667
2025-11-26,TSLA,63463000,0.006203501095667,1,0.0237055961872717,50,0.2196,0.6482,0.2347,0.2802
2025-11-26,MSFT,25709100,-0.0016655992323007,1,0.0146202738731602,56,0.2526,0.7167,0.2852,0.4229
2025-11-26,JPM,7910900,0.0086557857325819,1,0.0174753658107067,22,0.3379,0.601,0.3501,0.0668
2025-11-28,MSFT,14386700,0.0090443060026811,-1,0.0122641733213157,26,0.4066,0.6952,0.2526,0.2852
2025-11-28,BRK-B,2312200,0.0037507723440842,-1,0.0103342082790516,1,-0.0,0.0,0.746,0.3091
2025-11-28,META,11033200,0.0186611665172164,-1,0.0197302028923762,30,0.225,0.5774,0.2638,-0.0658
2025-11-28,GOOGL,26018600,-0.0098648683847436,-1,0.0311098670578514,32,0.1808,0.7107,0.3532,0.2055
2025-11-28,JPM,4322400,0.0128760284379195,-1,0.0177289255196354,12,0.3321,0.7047,0.3379,0.3501
2025-11-28,TSLA,36252900,0.0083921730949548,-1,0.0157762266497673,16,0.5911,0.7463,0.2196,0.2347
2025-11-28,AMZN,20292300,0.0085625137541245,1,0.0132762151552554,38,0.3457,0.4806,0.1212,0.2811
2025-11-28,UNH,2464500,-0.005728659019928,-1,0.0095576409739164,3,0.1347,0.9883,0.4651,0.4078
2025-11-28,AAPL,20135600,0.0057346760509555,1,0.0108562708634737,24,0.1493,0.5328,0.1523,0.2347
2025-12-01,UNH,6154600,-0.0120736403069332,1,0.0214879529912141,8,0.282,0.7186,0.1347,0.4651
2025-12-01,JPM,7727300,-0.0128774520597585,-1,0.0175746917573579,2,0.0017,0.0032,0.3321,0.3379
2025-12-01,GOOGL,41183000,-0.0088448141347964,1,0.0187598087065676,4,0.3387,0.341,0.1808,0.3532
2025-12-01,BRK-B,3995200,-0.0099290107635282,-1,0.0122846242746541,6,0.4872,0.5085,-0.0,0.746
2025-12-01,MSFT,23964000,-0.0034804934045818,1,0.0106665945234554,3,1.0,1.0,0.4066,0.2526
2025-12-01,AAPL,46587700,0.0183086801161645,1,0.0261861031026698,2,-0.0001,0.0003,0.1493,0.1523
2025-12-01,AMZN,42904000,0.0028299616613276,1,0.0152216921069232,4,0.1585,0.1585,0.3457,0.1212
2025-12-01,TSLA,57463600,0.0113326606818768,-1,0.0196792884723316,2,-0.0003,0.0003,0.5911,0.2196
2025-12-02,AMZN,45785400,-0.0025105159426462,-1,0.0230628411371145,7,-0.2641,0.5585,0.1585,0.3457
2025-12-02,AAPL,53669500,0.0112720934325309,-1,0.016855084853964,3,0.3413,0.3417,-0.0001,0.1493
2025-12-02,UNH,7978100,0.0036181879747697,1,0.0182454293940425,12,0.3144,0.7337,0.282,0.1347
2025-12-02,JPM,7249000,-0.0027854679625714,1,0.0109801605093789,1,1.0,1.0,0.0017,0.3321
2025-12-02,GOOGL,35854700,-0.0029361391186919,1,0.0141125255999266,2,0.5,0.5,0.3387,0.1808
2025-12-02,BRK-B,3378000,-0.0018518931582341,-1,0.0098504699384808,4,0.4988,0.5012,0.4872,-0.0
2025-12-02,MSFT,19562700,0.0067389849832975,-1,0.0147517929359255,1,1.0,1.0,1.0,0.4066
2025-12-03,MSFT,34615100,0.0029602024698273,1,0.018978791334269,6,-0.6593,0.6594,1.0,1.0
2025-12-03,UNH,9770000,0.0420551885125096,-1,0.0503067297438172,17,0.6643,0.7166,0.3144,0.282
2025-12-03,GOOGL,41838300,0.0118395329416707,-1,0.0236790658833412,6,0.4737,0.8077,0.5,0.3387
2025-12-03,AMZN,35495100,-0.00415685106206,-1,0.0118705986715599,5,-0.016,0.4162,-0.2641,0.1585
2025-12-03,AAPL,43538700,-0.007162886873198,-1,0.0185884245189001,3,0.9391,0.9879,0.3413,-0.0001
2025-12-03,BRK-B,3803200,-0.0077238000374614,-1,0.0118221944551594,3,0.3363,0.3364,0.4988,0.4872
2025-12-04,MSFT,22318200,0.0022510975285189,1,0.0100675691836077,3,0.001,0.0012,-0.6593,1.0
2025-12-04,AAPL,43989100,-0.0119675952954593,-1,0.0216121595090719,2,0.5,0.5029,0.9391,0.3413
2025-12-04,META,29874600,-0.0214052821052144,1,0.0237425854925571,14,0.1802,0.4636,0.225,0.2638
2025-12-04,UNH,8061600,-0.0174130930123467,-1,0.0369475803489452,9,0.0976,0.5587,0.6643,0.3144
2025-12-04,GOOGL,31240900,-0.0143065999812669,1,0.0237717558370323,2,-0.0006,0.0013,0.4737,0.5
2025-12-04,BRK-B,3574800,-0.0022800148406984,1,0.0114992421127325,1,-0.0,0.0,0.3363,0.4988
2025-12-04,AMZN,45683200,-0.0157236911755403,1,0.028783764339325,2,0.0018,0.0029,-0.016,-0.2641
2025-12-05,AAPL,47265800,-0.0062736497897525,-1,0.011014567481821,4,-0.0931,0.1074,0.5,0.9391
2025-12-05,TSLA,56427500,0.0043485005982194,-1,0.0159150419939201,2,-0.5,0.5001,-0.0003,0.5911
2025-12-05,GOOGL,28851700,0.0055713757354058,-1,0.0124886236074187,6,0.3329,0.3332,-0.0006,0.4737
2025-12-05,AMZN,33117400,-0.0034300474114252,-1,0.0116794127989914,1,0.0001,0.0004,0.0018,-0.016
2025-12-05,BRK-B,3463700,0.0009526674081753,-1,0.0103600233645482,3,0.0082,0.009,-0.0,0.3363
2025-12-05,META,21207900,0.0141867212502352,-1,0.018524078001459,3,0.3389,0.3446,0.1802,0.225
2025-12-05,UNH,5906000,-0.0122089442922108,-1,0.0214924826550839,4,0.0036,0.4986,0.0976,0.6643
2025-12-08,BRK-B,7032200,-0.0096992532523161,-1,0.0245967057426593,17,0.0395,0.3083,0.0082,-0.0
2025-12-08,MSFT,21965900,0.0126419892760192,1,0.0163335656971582,2,0.1796,0.1802,0.001,-0.6593
2025-12-08,AAPL,38211800,-0.0008628707085238,-1,0.012656022253813,1,0.9993,0.9993,-0.0931,0.5
2025-12-08,UNH,4782800,-0.0154548734444345,-1,0.0190752032199524,4,0.5152,0.9852,0.0036,0.0976
2025-12-08,GOOGL,33909400,-0.0197781184617956,1,0.0288080036630632,1,-0.0023,0.0042,0.3329,-0.0006
2025-12-08,TSLA,69165800,-0.0175886141916658,1,0.0324058545187634,3,-0.6767,0.677,-0.5,-0.0003
2025-12-08,AMZN,35019200,-0.0117600809761265,1,0.0198614819083091,1,-1.0,1.0,0.0001,0.0018
2025-12-08,JPM,7417200,0.0004760804216551,-1,0.009902860221432,2,0.0026,0.0236,1.0,0.0017
2025-12-08,META,13161000,-0.0037948411279584,-1,0.0173902862243601,2,0.4893,0.4904,0.3389,0.1802
2025-12-09,AAPL,32193300,-0.0035231915927013,1,0.0111805626639993,3,0.6667,0.6667,0.9993,-0.0931
2025-12-09,UNH,4628400,0.0013615621872138,1,0.0120063569787901,6,0.1932,0.5266,0.5152,0.0036
2025-12-09,TSLA,62367400,0.0174384164506161,1,0.0381450887129391,2,0.9999,0.9999,-0.6767,-0.5
2025-12-09,MSFT,14696100,0.0059701142378195,-1,0.0074013393416749,4,0.7476,0.7476,0.1796,0.001
2025-12-09,GOOGL,30194000,0.0150782454419514,1,0.0194960989630451,3,-0.3148,0.3401,-0.0023,0.3329
2025-12-09,BRK-B,4574000,-0.012459080333171,-1,0.0168599452728202,5,-0.4679,0.868,0.0395,0.0082
2025-12-09,META,12997100,-0.0102595738858511,-1,0.0167828514176465,4,0.1437,0.3565,0.4893,0.3389
2025-12-09,JPM,18049200,-0.0458485533631736,1,0.059628506275313,1,-1.0,1.0,0.0026,1.0
2025-12-10,AMZN,38790700,0.0129802073877587,-1,0.0173068987252799,7,0.0772,0.6217,-1.0,0.0001
2025-12-10,JPM,18874100,0.03197998453099,1,0.0423627653455178,2,-0.195,0.1952,-1.0,0.0026
2025-12-10,BRK-B,4558800,-0.0008759986322235,1,0.014179178712425,3,0.0554,0.6128,-0.4679,0.0395
2025-12-10,META,16910900,0.0002769331062399,1,0.017093599727518,1,0.4499,0.9791,0.1437,0.4893
2025-12-10,GOOGL,33428900,0.0138682362949418,-1,0.020992322340157,2,1.0,1.0,-0.3148,-0.0023
2025-12-10,TSLA,63257500,0.012060898052942,-1,0.0297487374478528,1,-0.0,0.0001,0.9999,-0.6767
2025-12-10,MSFT,35756200,-0.0113009549707627,1,0.018945134497574,3,-0.5009,0.6664,0.7476,0.1796
2025-12-10,AAPL,33038300,0.0037083664421129,-1,0.0119171829292303,1,0.3096,0.3096,0.6667,0.9993
2025-12-10,UNH,5910500,0.0174128431206429,1,0.0282881638506971,7,0.1499,0.4385,0.1932,0.5152
2025-12-11,MSFT,24669200,0.0143507464234702,-1,0.0213373336205195,2,0.1007,0.9998,-0.5009,0.7476
2025-12-11,META,13056700,0.0146435422081332,-1,0.0225093534774308,5,0.5119,0.538,0.4499,0.1437
2025-12-11,BRK-B,4493400,0.0081735958379986,1,0.0128499837276394,5,0.0236,0.0249,0.0554,-0.4679
2025-12-11,JPM,9721900,0.0263226455358122,1,0.0283275450855684,1,-0.0001,0.0001,-0.195,-1.0
2025-12-11,AMZN,28249600,-0.0018638460493983,-1,0.0148237964085663,2,-0.0012,0.9993,0.0772,-1.0
2025-12-11,GOOGL,42353700,-0.023900256865192,-1,0.0391151885119352,4,0.0032,0.0037,1.0,-0.3148
2025-12-11,TSLA,55979500,-0.0045884786782092,1,0.0199131355347499,3,-0.3339,0.3342,-0.0,0.9999
2025-12-11,AAPL,33248000,-0.0038337775020395,1,0.0207094183192282,1,-0.9995,1.0,0.3096,0.6667
2025-12-11,UNH,7513200,0.0192511909772091,1,0.0317522486588229,7,-0.0884,0.7252,0.1499,0.1932
2025-12-12,JPM,8982900,-0.0036286401673121,1,0.0114801770340327,1,0.9984,0.9988,-0.0001,-0.195
2025-12-12,AAPL,39532900,0.0013674159451547,-1,0.0086361782986521,2,-0.0003,0.0007,-0.9995,0.3096
2025-12-12,META,14016900,-0.008571879699686,1,0.1114035334077313,2,-0.2699,0.8499,0.5119,0.4499
2025-12-12,BRK-B,4113700,0.0056572197196236,1,0.0110728596054372,4,0.4764,0.4772,0.0236,0.0554
2025-12-12,AMZN,35639100,-0.0160090170703018,-1,0.0215774429861478,4,0.731,0.77,-0.0012,0.0772
2025-12-12,TSLA,95656700,0.0242585087951635,1,0.0476243533939525,3,-0.2834,0.2837,-0.3339,-0.0
2025-12-12,GOOGL,35940200,-0.0140580283407797,-1,0.0296780274029744,1,0.9995,0.9995,0.0032,1.0
2025-12-12,UNH,7979000,0.0128592484085648,-1,0.0225481951678241,9,0.31,0.6016,-0.0884,0.1499
2025-12-15,UNH,6447200,0.0003226366529557,-1,0.0233437686824968,5,0.1849,0.6002,0.31,-0.0884
2025-12-15,META,15549100,0.0028031555279162,1,0.0221464883423041,3,0.6667,0.6667,-0.2699,0.5119
2025-12-15,BRK-B,5173900,0.0119099782086129,-1,0.0126693500814714,5,0.2851,0.7979,0.4764,0.0236
2025-12-15,AAPL,50409100,-0.0215599096074,1,0.0260931562300687,2,-0.4956,0.4963,-0.0003,-0.9995
2025-12-15,GOOGL,29151900,-0.0099576192682251,-1,0.0210073506072834,3,0.3341,0.3373,0.9995,0.0032
2025-12-15,TSLA,114542200,0.0125042499289782,1,0.0300570579375021,8,0.3731,0.376,-0.2834,-0.3339
2025-12-15,AMZN,47286100,-0.0236476091907546,1,0.0282103842513064,2,0.5946,0.5965,0.731,-0.0012
2025-12-15,MSFT,23727700,-0.0109977061282487,1,0.0170798002557475,1,1.0,1.0,0.1007,-0.5009
2025-12-15,JPM,10864100,0.0013454509862899,-1,0.0140492202065921,2,1.0,1.0,0.9984,-0.0001
2025-12-16,META,14309100,0.0212121591516122,-1,0.0300543369391025,2,0.5007,0.5012,0.6667,-0.2699
2025-12-16,AMZN,39298900,-0.0021520612535317,-1,0.0113432516833479,2,-0.0,0.0,0.5946,0.731
2025-12-16,BRK-B,4376700,-0.0142194884698863,1,0.0170397689704023,11,0.4751,0.5746,0.2851,0.4764
2025-12-16,MSFT,20705600,0.0094933588005391,-1,0.0148545479248714,7,0.1937,0.3193,1.0,0.1007
2025-12-16,JPM,8331300,-0.0110940756073508,-1,0.016045614641475,2,0.4995,0.4998,1.0,0.9984
2025-12-16,UNH,6334000,-0.0182715497777968,-1,0.0292579491869166,10,-0.3029,0.7013,0.1849,0.31
2025-12-16,GOOGL,30585000,0.0053123300617798,-1,0.0268240444280679,1,0.9997,0.9997,0.3341,0.9995
2025-12-16,TSLA,107608100,0.0374198211547485,-1,0.0543614364207632,7,-0.0115,0.4157,0.3731,-0.2834
2025-12-16,AAPL,37648600,0.006561021843301,-1,0.0135986780862049,1,-1.0,1.0,-0.4956,-0.0003
2025-12-17,AAPL,50138700,-0.0115269019859894,1,0.0164357254396812,3,0.2404,0.2536,-1.0,-0.4956
2025-12-17,META,15598500,-0.0093195428502908,1,0.0183492755304326,3,0.3514,0.3614,0.5007,0.6667
2025-12-17,TSLA,106490400,-0.0429314477134725,1,0.0595632839694328,4,-0.6465,0.6934,-0.0115,0.3731
2025-12-17,AMZN,44034400,-0.015089465567476,1,0.0186949028744742,3,0.9998,0.9999,-0.0,0.5946
2025-12-17,GOOGL,43930400,-0.0366546806498685,1,0.0388623773292676,3,0.336,0.3366,0.9997,0.3341
2025-12-17,BRK-B,4128600,0.0087417386888234,-1,0.011382281478052,12,0.3216,0.3439,0.4751,0.2851
2025-12-17,UNH,4685600,-0.0059350156041147,-1,0.0151073956075761,13,0.3514,0.5563,-0.3029,0.1849
2025-12-17,JPM,8718700,-0.0108343490525587,-1,0.0147912934190019,29,0.1244,0.4806,0.4995,1.0
2025-12-18,MSFT,28573500,0.0121081756526923,1,0.0244881561623885,5,0.1925,0.2662,0.1937,1.0
2025-12-18,GOOGL,33518000,0.0024525726878599,1,0.0156767216280438,2,-0.0008,0.0009,0.336,0.9997
2025-12-18,META,20260300,0.0112932173253888,-1,0.0214601691813487,2,-0.041,0.0415,0.3514,0.5007
2025-12-18,JPM,11444900,-0.0094936708860759,1,0.0173418069187598,43,0.1914,0.4018,0.1244,0.4995
2025-12-18,BRK-B,3646700,0.0023097059847762,-1,0.0088007144405327,8,0.3704,0.3746,0.3216,0.4751
2025-12-18,UNH,6354900,-0.0024016600642508,-1,0.0170552563660322,6,0.1662,0.8341,0.3514,-0.3029
2025-12-18,TSLA,95168400,0.0108959164613854,-1,0.037100531408961,2,0.4984,0.5013,-0.6465,-0.0115
2025-12-19,UNH,10553000,-0.0019508142889169,-1,0.0260013376905953,9,0.4579,0.6883,0.1662,0.3514
2025-12-19,BRK-B,14652800,-0.0169366647856441,1,0.0184673666044203,4,0.245,0.7447,0.3704,0.3216
2025-12-19,AAPL,144632000,0.0055852271370181,-1,0.0172699331708195,4,0.3048,0.7504,0.2404,-1.0
2025-12-19,GOOGL,59943200,0.0179961968583471,1,0.0208133051093198,1,0.0477,0.0487,-0.0008,0.336
2025-12-19,AMZN,85544400,0.0026019210221047,1,0.0156553322356461,3,-0.0003,0.0004,0.9998,-0.0
2025-12-19,JPM,24494400,0.0108989541318256,1,0.0171133400393746,21,0.1344,0.5151,0.1914,0.1244
2025-12-19,TSLA,103305400,-0.0141768068904755,1,0.0323076070872405,4,0.332,0.663,0.4984,-0.6465
2025-12-19,META,49977100,-0.0114791926639114,1,0.0192371292172777,36,0.2497,0.4318,-0.041,0.3514
2025-12-22,GOOGL,26429900,-0.0003227252547432,1,0.0155867336186158,13,0.4712,0.4804,0.0477,-0.0008
2025-12-22,MSFT,16963000,-0.0024684886478777,1,0.0124249333612904,42,0.5091,0.7053,0.1925,0.1937
2025-12-22,TSLA,86916100,-0.0023475011942148,-1,0.0275577689749338,22,0.6168,0.8521,0.332,0.4984
2025-12-22,AMZN,32261300,-0.0007874018375824,1,0.012116657216554,34,0.3782,0.6355,-0.0003,0.9998
2025-12-22,UNH,7872400,0.0069991012955842,-1,0.0252399939626419,5,-0.076,0.6771,0.4579,0.1662
2025-12-22,AAPL,36571800,-0.0069265712538401,1,0.0123506387821777,37,0.3224,0.6322,0.3048,0.2404
2025-12-22,JPM,8354600,0.0175742067986598,1,0.0180151839147541,34,0.243,0.3047,0.1344,0.1914
2025-12-22,META,15659400,-0.0002267428527572,1,0.0255875342720253,25,0.4138,0.5149,0.2497,-0.041
2025-12-22,BRK-B,4070000,0.0072732721436437,1,0.0095902200119784,9,0.191,0.2544,0.245,0.3704
2025-12-23,UNH,4463300,0.0024690981264468,1,0.0124690679856289,4,0.1144,0.8864,-0.076,0.4579
2025-12-23,JPM,6668300,0.0071691462848353,1,0.0144927618234992,27,0.2284,0.5136,0.243,0.1344
2025-12-23,GOOGL,25478700,0.0152440046063672,-1,0.018150679935927,44,0.5159,0.7231,0.4712,0.0477
2025-12-23,META,8486800,0.0074085519867796,1,0.0117415349493664,19,0.0895,0.536,0.4138,0.2497
2025-12-23,AMZN,29230200,0.0134462667592879,1,0.0162402918901261,40,0.4173,0.7409,0.3782,-0.0003
2025-12-23,MSFT,14683600,0.0038558189509385,1,0.0063713890632447,32,0.3551,0.6787,0.5091,0.1925
2025-12-23,AAPL,29642000,0.0056121290585737,1,0.0108551265734711,34,0.1427,0.6461,0.3224,0.3048
2025-12-23,BRK-B,3680800,5.994001486244072e-05,1,0.008331966948966,2,0.4924,0.5076,0.191,0.245
2025-12-23,TSLA,58223600,-0.0078463350751549,-1,0.0186555067361599,32,0.2191,0.653,0.6168,0.332
2025-12-24,GOOGL,10097400,-0.0021602843330522,-1,0.0100389911834768,32,0.2723,0.4996,0.5159,0.4712
2025-12-24,META,5627500,0.0075769524008161,-1,0.0090259764905997,24,0.248,0.4037,0.0895,0.4138
2025-12-24,UNH,2842700,0.0073184940833249,1,0.0149446038411229,5,-0.3802,0.4274,0.1144,-0.076
2025-12-24,BRK-B,2000200,0.0020987582702732,-1,0.0045173993624181,4,-0.0658,0.4322,0.4924,0.191
2025-12-24,MSFT,5855900,0.0048179796845219,-1,0.0089153705220348,27,0.308,0.6975,0.3551,0.5091
2025-12-24,AMZN,11420500,0.0010769827025429,1,0.0069788268776599,30,0.1626,0.5796,0.4173,0.3782
2025-12-24,AAPL,17910600,0.0053976692387088,-1,0.0118601032245832,24,0.3347,0.5789,0.1427,0.3224
2025-12-24,TSLA,41285400,-0.0063053083454216,-1,0.0288650626154489,28,0.3458,0.5969,0.2191,0.6168
2025-12-24,JPM,4289300,0.0089811895569712,-1,0.0137628444359298,12,0.4985,0.7093,0.2284,0.243
2025-12-26,JPM,4158300,-0.0036461418457761,-1,0.0131262404634301,15,0.1579,0.5845,0.4985,0.2284
2025-12-26,BRK-B,2247600,-0.0042961821592943,1,0.0094515153780661,2,0.3508,0.3515,-0.0658,0.4924
2025-12-26,META,7133800,-0.0071401065004369,-1,0.0114211371893186,7,0.025,0.5479,0.248,0.0895
2025-12-26,UNH,4359300,0.0141502878743929,-1,0.017206615748077,4,0.4994,0.5012,-0.3802,0.1144
2025-12-26,MSFT,8842200,0.0020546116117534,-1,0.0044379686055998,20,0.3551,0.826,0.308,0.3551
2025-12-26,TSLA,58780700,-0.0206912357389303,-1,0.0314695889947789,28,0.1473,0.5675,0.3458,0.2191
2025-12-26,AMZN,15994700,0.0020686562670953,-1,0.0078004347084723,27,0.2329,0.672,0.1626,0.4173
2025-12-26,AAPL,21521800,-0.0027721394640834,1,0.0091552733152078,15,0.1469,0.6566,0.3347,0.1427
2025-12-26,GOOGL,10899000,-0.0030844606551012,1,0.0089353773226492,26,0.3009,0.5863,0.2723,0.5159
2025-12-29,AMZN,19797900,0.0005605108279902,1,0.0078899793558335,44,0.2233,0.7518,0.2329,0.1626
2025-12-29,MSFT,10893400,0.0046199332170685,1,0.0086004486938858,37,0.3155,0.6854,0.3551,0.308
2025-12-29,JPM,8635300,-0.0099388379204893,-1,0.0129663309919724,17,0.0476,0.2307,0.1579,0.4985
2025-12-29,UNH,4346800,-0.0058932337656156,1,0.0180422525806531,6,0.4949,0.5036,0.4994,-0.3802
2025-12-29,AAPL,23715200,0.0039238964195199,-1,0.0073709312041201,33,0.3361,0.759,0.1469,0.3347
2025-12-29,TSLA,66263000,-0.0199573248434168,-1,0.0221748270713952,50,-0.1055,0.6409,0.1473,0.3458
2025-12-29,META,8506500,0.0010334077988014,1,0.0089056173380245,25,0.5011,0.6722,0.025,0.248
2025-12-29,BRK-B,3056200,0.0037058804901836,1,0.0085937669070863,7,0.1429,0.4286,0.3508,-0.0658
2025-12-29,GOOGL,19621800,0.0070334408444911,1,0.0109194654263481,49,0.4032,0.5457,0.3009,0.2723
2025-12-30,UNH,4432500,0.0073696436321108,-1,0.0201376396130793,7,-0.0768,0.6434,0.4949,0.4994
2025-12-30,MSFT,13944500,0.0031897975714807,-1,0.0086020470824697,36,0.3198,0.6055,0.3155,0.3551
2025-12-30,JPM,7904300,-0.0042793760700318,-1,0.007542908855782,19,0.043,0.2897,0.0476,0.1579
2025-12-30,GOOGL,17380900,0.0043200195312499,-1,0.0143680664062499,38,0.445,0.5278,0.4032,0.3009
2025-12-30,AMZN,21910500,0.0057090611439808,-1,0.0111154675385621,34,0.1744,0.4863,0.2233,0.2329
2025-12-30,BRK-B,2897100,0.0054492802285169,-1,0.0095412964079864,4,-0.0316,0.0318,0.1429,0.3508
2025-12-30,META,9187500,0.0110218915403544,-1,0.0218311251033984,52,0.1889,0.4823,0.5011,0.025
2025-12-30,AAPL,22139600,0.0009896595289324,-1,0.0065979539205932,31,0.298,0.5756,0.3361,0.1469
2025-12-30,TSLA,59238500,-0.0144440428441411,-1,0.0201479290782836,50,0.0673,0.632,-0.1055,0.1473
2025-12-31,MSFT,15601600,-0.0086503797400413,-1,0.0099213407916567,36,0.5271,0.7361,0.3198,0.3155
2025-12-31,JPM,5048500,-0.006536335762238,1,0.0087562322561414,12,0.5522,0.5974,0.043,0.0476
2025-12-31,BRK-B,3105200,-0.0025202799996196,-1,0.0067669542213932,14,0.0659,0.098,-0.0316,0.1429
2025-12-31,AMZN,24383700,-0.0089734073463098,-1,0.0123224006305036,22,0.501,0.7089,0.1744,0.2233
2025-12-31,TSLA,49078000,-0.0139881710095055,-1,0.0158956367090127,35,0.0437,0.6486,0.0673,-0.1055
2025-12-31,UNH,4285200,-0.0066502826310426,1,0.0103815046142775,8,0.5637,0.5786,-0.0768,0.4949
2025-12-31,GOOGL,16377700,0.0004794434826853,1,0.0100367079098614,37,0.3239,0.6635,0.445,0.4032
2025-12-31,AAPL,27293600,-0.0043946832848475,-1,0.007068016893859,32,0.0761,0.6035,0.298,0.3361
2025-12-31,META,7940400,-0.0070101137939543,-1,0.0083640429614047,26,0.1064,0.5829,0.1889,0.5011
2026-01-02,BRK-B,5876600,-0.0082042187433465,1,0.0179056239494276,26,0.1812,0.3132,0.0659,-0.0316
2026-01-02,TSLA,85535400,-0.043097380941112,1,0.0503276740045288,2,0.0396,0.0565,0.0437,0.0673
2026-01-02,AAPL,37838100,-0.0045911994239479,-1,0.0324689488753801,3,0.2428,0.2649,0.0761,0.298
2026-01-02,GOOGL,32009400,-0.0055222468719001,1,0.0384033249041643,5,0.2066,0.2207,0.3239,0.445
2026-01-02,AMZN,51456200,-0.0209215717753423,1,0.0465116708565566,5,-0.1463,0.2996,0.501,0.1744
2026-01-05,AAPL,45647200,-0.012488932529815,-1,0.019841837224858,2,-0.3787,0.4969,0.2428,0.0761
2026-01-05,UNH,7956600,0.0195855613878641,1,0.0390221966359976,3,0.1732,0.5155,0.5637,-0.0768
2026-01-05,TSLA,67940800,0.0082145210240838,-1,0.0289738180577634,2,-0.0004,0.006,0.0396,0.0437
2026-01-05,AMZN,49733300,0.0184408376517894,1,0.0298025145663293,3,0.9699,0.9703,-0.1463,0.501
2026-01-05,JPM,10752600,0.0262365853914649,1,0.0370506837437593,5,0.3956,0.7946,0.5522,0.043
2026-01-05,GOOGL,30195600,-0.0035257668711068,-1,0.0138197572254923,2,0.4906,0.4907,0.2066,0.3239
2026-01-05,BRK-B,5145300,0.0072331728181325,1,0.0180425761339395,3,-0.3333,0.3333,0.1812,0.0659
2026-01-06,UNH,9441900,0.0017798050992519,-1,0.0215013351604456,1,0.9975,0.9977,0.1732,0.5637
2026-01-06,GOOGL,31212100,-0.0065107383006705,1,0.0289507074551532,3,0.3295,0.3374,0.4906,0.2066
2026-01-06,JPM,7660800,0.0059827739269668,-1,0.0156935881706813,1,1.0,1.0,0.3956,0.5522
2026-01-06,BRK-B,4040000,0.0045289856185295,-1,0.0092794202544581,8,0.1457,0.16,-0.3333,0.1812
2026-01-06,TSLA,89093800,-0.0300641007234576,-1,0.0436175478465137,3,-0.329,0.3291,-0.0004,0.0396
2026-01-06,AAPL,52352100,-0.0173783320166198,-1,0.0203370512201544,3,0.2866,0.3811,-0.3787,0.2428
2026-01-07,TSLA,59828800,-0.0103005053848228,1,0.01624222682129,2,0.9256,0.9344,-0.329,-0.0004
2026-01-07,BRK-B,4445100,-0.0035350079303531,1,0.0121716025933198,6,-0.2564,0.4106,0.1457,-0.3333
2026-01-07,GOOGL,35104400,0.0242398078312791,1,0.038045527460191,2,0.3668,0.3677,0.3295,0.4906
2026-01-07,AAPL,48309800,-0.0109043522099387,-1,0.01470362818275,3,0.6521,0.6544,0.2866,-0.3787
2026-01-07,AMZN,42236500,0.008138211857915,1,0.0240807520511421,7,0.5097,0.5127,0.9699,-0.1463
2026-01-07,JPM,9815200,-0.0125325367834764,1,0.0227999862867203,2,0.4306,0.6341,1.0,0.3956
2026-01-07,UNH,7461400,-0.0208607901602194,1,0.0345864417062944,1,0.7958,0.8129,0.9975,0.1732
2026-01-08,UNH,5059300,0.0171255862603694,-1,0.0208205210996458,3,0.3383,0.3402,0.7958,0.9975
2026-01-08,AMZN,39509800,0.0132888824157929,1,0.0186373686530002,2,0.7175,0.7175,0.5097,0.9699
2026-01-08,BRK-B,4807700,0.0096975327416428,-1,0.0201426373237063,4,0.4754,0.5272,-0.2564,0.1457
2026-01-08,AAPL,50419300,0.0078593868866071,1,0.013967830325013,2,0.5008,0.5008,0.6521,0.2866
2026-01-08,TSLA,57041100,0.018485996105869,1,0.0292599011489826,2,1.0,1.0,0.9256,-0.329
2026-01-08,JPM,11737100,0.0104169666469318,-1,0.0176169605133092,1,-0.0011,0.0014,0.4306,1.0
2026-01-08,GOOGL,31896100,-0.0107304579937325,1,0.0268109775708743,3,0.9944,0.9945,0.3668,0.3295
2026-01-09,BRK-B,3432100,0.0003206871794733,-1,0.0077564338362346,3,0.651,0.6577,0.4754,-0.2564
2026-01-09,JPM,6738100,-0.0004554378397772,-1,0.0113256224880842,4,0.5,0.5001,-0.0011,0.4306
2026-01-09,AMZN,34560000,0.0114895427666591,-1,0.0229790855333182,1,1.0,1.0,0.7175,0.5097
2026-01-09,AAPL,39997000,0.0011193784157503,1,0.0154006115530737,2,0.5003,0.5005,0.5008,0.6521
2026-01-09,MSFT,18491000,0.0110112670286167,-1,0.0160739044771347,2,0.5,0.5,0.5271,0.3198
2026-01-09,UNH,4129100,-0.0094168150141738,-1,0.0189488454204912,1,1.0,1.0,0.3383,0.7958
2026-01-09,GOOGL,26214200,0.0045247821789061,1,0.0153780269516429,4,0.5,0.5,0.9944,0.3668
2026-01-12,AMZN,35867800,-0.0010537612424029,-1,0.0120779628709183,3,0.3295,0.3413,1.0,0.7175
2026-01-12,UNH,7146400,-0.0026653495000871,-1,0.0255110746661652,2,-0.9996,1.0,1.0,0.3383
2026-01-12,BRK-B,4209300,0.0025533163386292,-1,0.0098914012274398,4,0.3702,0.3992,0.651,0.4754
2026-01-12,GOOGL,33923900,0.0186003615274675,1,0.0277471113678076,3,0.6627,0.6629,0.5,0.9944
2026-01-12,TSLA,61649600,0.0175191629677916,-1,0.0369421557625505,1,-0.0572,0.0609,1.0,0.9256
2026-01-12,AAPL,45263800,0.0042058817814793,1,0.0173637904630803,2,0.4999,0.5,0.5003,0.5008
2026-01-12,MSFT,23519900,0.001069879022554,-1,0.0111397768036834,1,1.0,1.0,0.5,0.5271
2026-01-12,JPM,12805100,0.0081085662730517,-1,0.014881253742641,3,0.4272,0.7175,0.5,-0.0011
2026-01-13,AAPL,45730800,0.0090058231341688,-1,0.0132188578154758,3,-0.0031,0.032,0.4999,0.5003
2026-01-13,UNH,5605900,-0.0221669321353404,1,0.0263250080069547,3,0.6666,0.6667,-0.9996,1.0
2026-01-13,GOOGL,33517600,0.0030451977205523,-1,0.0205105086335724,8,0.7445,0.7448,0.6627,0.5
2026-01-13,META,18030400,-0.0174069975801466,-1,0.0282903504643943,1,0.9918,0.9947,0.1064,0.1889
2026-01-13,AMZN,38371800,-0.015941235124491,-1,0.0300572088540959,3,0.729,0.7291,0.3295,1.0
2026-01-13,JPM,19371200,-0.0413197483838293,-1,0.0502312014817071,11,0.3634,0.5509,0.4272,0.5
2026-01-13,MSFT,28545800,-0.0084477528227859,-1,0.0207086599897621,1,-0.9996,0.9997,1.0,0.5
2026-01-13,BRK-B,4257600,-0.00478277582526,-1,0.0093645828299402,2,-0.001,0.0013,0.3702,0.651
2026-01-14,MSFT,28184300,-0.0151781218152928,-1,0.0236461839843752,5,0.3999,0.7981,-0.9996,1.0
2026-01-14,UNH,5740900,-0.0012225412770336,1,0.0179204440932375,2,-0.4813,0.5206,0.6666,-0.9996
2026-01-14,JPM,25951500,-0.0010707886981589,1,0.0182998521254074,4,0.5001,0.5015,0.3634,0.4272
2026-01-14,AMZN,41410600,-0.0186605851706206,1,0.0209827812011713,3,0.3235,0.3303,0.729,0.3295
2026-01-14,META,15527900,-0.0175259065742219,1,0.0217557939071229,1,-0.0013,0.0023,0.9918,0.1064
2026-01-14,BRK-B,5033700,-0.0020641064887259,-1,0.0113725943794227,3,0.6667,0.6667,-0.001,0.3702
2026-01-14,TSLA,57259500,-0.0081524477122601,-1,0.021882980273326,3,-0.0128,0.0212,-0.0572,1.0
2026-01-14,GOOGL,28525600,0.0023279376379762,-1,0.0180265566506116,5,0.5139,0.5286,0.7445,0.6627
2026-01-14,AAPL,40019400,0.0018112499070911,-1,0.01969253559463,4,0.2555,0.7457,-0.0031,0.4999
2026-01-15,UNH,6943500,0.0112171214532192,-1,0.0339797560669616,3,-0.3333,0.3335,-0.4813,0.6666
2026-01-15,BRK-B,4165200,-0.0006694737431209,1,0.0098995937964658,2,0.0029,0.0039,0.6667,-0.001
2026-01-15,MSFT,23225800,-0.0160734110436128,1,0.0179910501408312,2,0.3474,0.3484,0.3999,-0.9996
2026-01-15,JPM,14751400,0.0025610546950938,1,0.0168249827239859,2,-0.3013,0.3028,0.5001,0.3634
2026-01-15,AMZN,43003600,-0.0047219292730794,1,0.0167982493614276,2,-0.0229,0.981,0.3235,0.729
2026-01-15,AAPL,39388600,-0.0093612219395458,-1,0.0153079641104375,1,0.0031,0.0031,0.2555,-0.0031
2026-01-15,META,13076100,0.0037511437677584,-1,0.0160716640074148,2,0.0045,0.0088,-0.0013,0.9918
2026-01-15,TSLA,49465800,-0.005803272346604,-1,0.0174778214352621,1,0.0001,0.0001,-0.0128,-0.0572
2026-01-16,AAPL,72142800,-0.0091895896598538,-1,0.0153935684942149,1,-0.0004,0.0005,0.0031,0.2555
2026-01-16,UNH,8039100,-0.0114674685118291,1,0.0172311407264506,1,-0.0003,0.0003,-0.3333,-0.4813
2026-01-16,MSFT,34246700,0.0044339576673325,-1,0.0146560768230041,2,0.7393,0.9939,0.3474,0.3999
2026-01-16,JPM,14652500,0.0068309813935701,-1,0.0232318070349039,3,0.3332,0.3335,-0.3013,0.5001
2026-01-16,GOOGL,40341600,-0.013187415489416,-1,0.0207828163432438,5,0.3728,0.7108,0.5139,0.7445
2026-01-16,BRK-B,4807400,0.0032948828949187,-1,0.0086643676638439,1,-0.997,0.9977,0.0029,0.6667
2026-01-16,META,17012500,-0.0062962490337665,-1,0.0144189177891109,5,-0.0592,0.3411,0.0045,-0.0013
2026-01-20,AMZN,47737900,-0.011806958297799,1,0.0245978787436695,2,-0.6506,0.6628,-0.0229,0.3235
2026-01-20,TSLA,63187300,-0.0235466408060462,1,0.030953067352189,4,0.2499,0.2501,0.0001,-0.0128
2026-01-20,UNH,7596500,0.0336896731365984,1,0.0408980296214396,1,1.0,1.0,-0.0003,-0.3333
2026-01-20,GOOGL,35361000,0.003521690715892,1,0.02275070409086,2,0.5001,0.5001,0.3728,0.5139
2026-01-20,BRK-B,5521500,-0.0110227654423115,-1,0.0168092913716209,5,0.3753,0.7759,-0.997,0.0029
2026-01-20,JPM,12900600,-0.0113320966576368,-1,0.0303386852296253,3,0.6439,0.6801,0.3332,-0.3013
2026-01-20,MSFT,26130000,0.0073134785338442,-1,0.0166659035355876,5,-0.3949,0.3953,0.7393,0.3474
2026-01-20,AAPL,80267500,-0.0238594503273669,1,0.0449887045835476,1,1.0,1.0,-0.0004,0.0031
2026-01-21,GOOGL,35386600,0.0232456411035205,1,0.0409136368360807,1,0.9626,0.963,0.5001,0.3728
2026-01-21,UNH,8933300,0.0245117034550506,1,0.027663978827671,1,-0.0,0.0,1.0,-0.0003
2026-01-21,MSFT,37980500,-0.018758331059349,1,0.0309545063559295,3,0.3253,0.3416,-0.3949,0.7393
2026-01-21,TSLA,68124000,0.023194039497125,1,0.0440639779169869,4,0.2458,0.7506,0.2499,0.0001
2026-01-21,META,14494700,0.0102515605339918,1,0.0299798970468054,3,-0.5773,0.5812,-0.0592,0.0045
2026-01-21,AAPL,54641700,-0.0042219664842871,1,0.0256534176160053,2,0.4999,0.5001,1.0,-0.0004
2026-01-21,AMZN,47276100,0.0009520153368363,1,0.0234540579637225,3,0.1373,0.8264,-0.6506,-0.0229
2026-01-21,BRK-B,5730200,-0.0003512674126743,1,0.0132851088342586,14,0.0461,0.3794,0.3753,-0.997
2026-01-21,JPM,10270100,-0.0045809055281643,1,0.0140065257310972,7,0.1428,0.43,0.6439,0.3332
2026-01-22,MSFT,25349400,0.0078638567750496,1,0.0181850324374545,2,0.2196,0.2214,0.3253,-0.3949
2026-01-22,AAPL,39708300,-0.0034108782308818,-1,0.0114366217432479,3,-0.2989,0.2998,0.4999,1.0
2026-01-22,UNH,7491400,0.0209977783821481,1,0.0235613323518858,4,0.084,0.2203,-0.0,1.0
2026-01-22,JPM,10535800,-0.0040345749781874,-1,0.0173850900912262,68,0.0721,0.6724,0.1428,0.6439
2026-01-22,AMZN,31913300,0.0012390227829592,1,0.0205939212192739,2,0.1522,0.8775,0.1373,-0.6506
2026-01-22,GOOGL,26253600,-0.0116908462233483,-1,0.0191358758047306,1,0.9999,0.9999,0.9626,0.5001
2026-01-22,BRK-B,4054200,0.0025451732895228,-1,0.008608210027821,3,-0.0024,0.0026,0.0461,0.3753
2026-01-22,TSLA,71546700,0.0326316333531402,-1,0.0387673383932743,3,0.4929,0.6592,0.2458,0.2499
2026-01-22,META,21394700,0.0290458886247765,1,0.05405580495904,4,0.7369,0.7508,-0.5773,-0.0592
2026-01-23,JPM,11107900,-0.0141721813884002,1,0.0194039250051738,46,0.0208,0.6379,0.0721,0.1428
2026-01-23,GOOGL,27280000,-0.0137146912464323,1,0.0187674529088119,4,0.2832,0.2895,0.9999,0.9626
2026-01-23,UNH,9082200,0.005588830848906,-1,0.0137744295461979,1,1.0,1.0,0.084,-0.0
2026-01-23,BRK-B,5436600,-0.0068220637794968,1,0.0103264025328335,4,0.008,0.5137,-0.0024,0.0461
2026-01-23,TSLA,56771400,0.0036430389323355,-1,0.0187515013928425,3,-0.0003,0.6671,0.4929,0.2458
2026-01-23,META,22797700,0.0216976438274003,1,0.0341826967131116,1,-0.6522,0.8067,0.7369,-0.5773
2026-01-23,AAPL,41689000,0.0029111513043513,1,0.0191250640718581,1,0.0453,0.0681,-0.2989,0.4999
2026-01-23,AMZN,33778500,0.0178753695447281,-1,0.0250254913857916,1,1.0,1.0,0.1522,0.1373
2026-01-23,MSFT,38000200,0.0311594424104043,1,0.04552195885209,3,0.6399,0.6412,0.2196,0.3253
2026-01-26,TSLA,49397400,-0.0220224444785814,-1,0.0241797972261235,1,0.9922,0.9923,-0.0003,0.4929
2026-01-26,AAPL,55969200,0.0156275171040967,1,0.0268808438908993,3,0.3029,0.9698,0.0453,-0.2989
2026-01-26,UNH,10399500,-0.0065263384063469,-1,0.0212459931399902,1,1.0,1.0,1.0,0.084
2026-01-26,GOOGL,26042100,0.0166255216363775,1,0.0269668295772783,3,0.8816,0.8825,0.2832,0.9999
2026-01-26,AMZN,32825500,-0.006500531654167,1,0.0142095329728271,4,-0.7494,0.9101,1.0,0.1522
2026-01-26,MSFT,29291200,0.0106810540215768,1,0.0263265351363044,4,0.7488,0.749,0.6399,0.2196
2026-01-26,META,16327400,0.0108700260335178,1,0.0210335591039772,9,0.2243,0.4447,-0.6522,0.7369
2026-01-26,JPM,11752700,0.0108458782875233,-1,0.0145394265060347,18,0.2549,0.483,0.0208,0.0721
2026-01-26,BRK-B,5077200,0.0104499759383946,-1,0.0163229210948365,4,0.249,0.249,0.008,-0.0024
2026-01-27,UNH,65836900,-0.0383372077656684,1,0.0649726367459376,165,-0.3111,0.7323,1.0,1.0
2026-01-27,JPM,11527400,-0.0033849568882095,1,0.0126771562554152,12,0.3393,0.3836,0.2549,0.0208
2026-01-27,AAPL,49648300,-0.0034727181673487,-1,0.0144307618867179,2,-0.4972,0.4972,0.3029,0.0453
2026-01-27,META,13297400,-0.002401541807393,-1,0.0180258137470105,3,0.0024,0.0033,0.2243,-0.6522
2026-01-27,MSFT,29213900,0.014523905822125,1,0.0204981870484613,2,-0.0658,0.9998,0.7488,0.6399
2026-01-27,AMZN,38029200,0.0208185163484022,-1,0.0283699903312409,3,0.0257,0.0736,-0.7494,1.0
2026-01-27,TSLA,37733100,-0.0148830838598146,1,0.0156146098970831,2,0.0065,0.2622,0.9922,-0.0003
2026-01-27,BRK-B,6314500,-0.0164318122160991,-1,0.0182966980120005,3,-0.9949,0.995,0.249,0.008
2026-01-27,GOOGL,21636200,-0.0024450825540675,1,0.0132092695836826,2,-0.5045,0.5048,0.8816,0.2832
2026-01-28,MSFT,36875400,-0.0032697721491806,-1,0.011878873234989,5,0.2001,1.0,-0.0658,0.7488
2026-01-28,UNH,23396900,0.0363033545349398,-1,0.0395460354308091,56,-0.345,0.7962,-0.3111,1.0
2026-01-28,TSLA,54857400,-0.0010419119798468,-1,0.0188928332127567,12,0.1738,0.5285,0.0065,0.9922
2026-01-28,JPM,9556700,0.0016651680763781,1,0.0128884862835539,27,0.2712,0.392,0.3393,0.2549
2026-01-28,BRK-B,4563900,0.0010147363878997,1,0.0105071798018941,6,-0.0096,0.324,-0.9949,0.249
2026-01-28,GOOGL,27434400,-0.0001487466325414,1,0.0166637092905984,53,0.6059,0.718,-0.5045,0.8816
2026-01-28,META,25709600,-0.0085545137601926,1,0.0171682981317178,6,0.0028,0.3775,0.0024,0.2243
2026-01-28,AMZN,40882700,-0.0136380268577484,-1,0.0253683489218203,48,0.1554,0.5733,0.0257,-0.7494
2026-01-28,AAPL,41288000,-0.0046962603677151,1,0.0168833337775054,1,1.0,1.0,-0.4972,0.3029
2026-01-29,MSFT,128855300,-0.0147503133671697,-1,0.0488193174005757,108,-0.2188,0.7725,0.2001,-0.0658
2026-01-29,JPM,11580000,0.0132937156494325,-1,0.0152446608618006,32,0.2101,0.5533,0.2712,0.3393
2026-01-29,AAPL,67253000,0.0010852665864218,1,0.0203100396681201,86,0.273,0.7106,1.0,-0.4972
2026-01-29,GOOGL,39785600,-0.0060240607302516,-1,0.0462826934028041,90,0.2272,0.6,0.6059,-0.5045
2026-01-29,AMZN,47229600,-0.0044889694580409,-1,0.0257803900750131,115,0.167,0.5857,0.1554,0.0257
2026-01-29,BRK-B,5380500,0.0064593702903109,1,0.0089502895185493,2,0.1788,0.1845,-0.0096,-0.9949
2026-01-29,UNH,13456400,-0.0069309214840835,-1,0.0216763672540246,23,-0.0715,0.7623,-0.345,-0.3111
2026-01-29,TSLA,81686100,-0.0485152828382882,1,0.0584970684861036,151,0.1716,0.5892,0.1738,0.0065
2026-01-29,META,59852900,0.001193340237789,-1,0.0426481327304224,150,0.3417,0.7008,0.0028,0.0024
2026-01-30,BRK-B,5082200,0.008880980673396,1,0.0112743969238177,1,0.9996,0.9998,0.1788,-0.0096
2026-01-30,UNH,12022200,-0.0176994636073449,-1,0.0282437515495167,23,0.1767,0.7884,-0.0715,-0.345
2026-01-30,AMZN,46585000,-0.0024594453265736,1,0.0236775519989242,70,0.1311,0.5162,0.167,0.1554
2026-01-30,JPM,11953200,0.0020966900849713,1,0.0175921215960278,18,-0.2643,0.4142,0.2101,0.2712
2026-01-30,MSFT,58566800,-0.0202199708798508,-1,0.0299428319202586,126,0.0194,0.6931,-0.2188,0.2001
2026-01-30,GOOGL,31024000,-0.0058823529411764,1,0.022676445456112,81,0.2812,0.6175,0.2272,0.6059
2026-01-30,TSLA,82626100,0.0118960796661239,-1,0.0403902490402225,69,0.1392,0.5066,0.1716,0.1738
2026-01-30,AAPL,92443400,0.0168907506693995,1,0.0380922572812325,147,0.1714,0.6545,0.273,1.0
2026-01-30,META,23744600,-0.0151202749140893,-1,0.0255394584944157,85,0.2401,0.7563,0.3417,0.0028
2026-02-02,TSLA,58739500,0.0012342780581667,1,0.0300268072821753,4,0.249,0.7491,0.1392,0.1716
2026-02-02,MSFT,42219900,-0.0159678209211677,-1,0.0197331499327853,4,0.0008,0.502,0.0194,-0.2188
2026-02-02,GOOGL,32006100,0.0222175991719172,-1,0.0273629815479478,3,0.3331,0.3343,0.2812,0.2272
2026-02-02,BRK-B,5064600,0.0124455036440385,1,0.019779804223359,8,0.4977,0.5008,0.9996,0.1788
2026-02-02,META,14365200,-0.0114609609868666,-1,0.0248810087729713,3,0.3333,0.3334,0.2401,0.3417
2026-02-02,UNH,8664200,-0.0015033658216129,-1,0.0283896071221769,8,-0.4431,0.5632,0.1767,-0.0715
2026-02-02,AAPL,73913400,0.0383802293319194,-1,0.0433796055541688,4,0.6913,0.7899,0.1714,0.273
2026-02-02,JPM,9839400,0.0120870501761883,1,0.0260460911066907,3,0.3332,0.3335,-0.2643,0.2101
2026-02-03,META,13760700,-0.022152456307622,-1,0.0432447334020733,3,0.093,0.863,0.3333,0.2401
2026-02-03,BRK-B,6641200,0.0202293166244526,1,0.0285979873722368,5,0.5859,0.5862,0.4977,0.9996
2026-02-03,JPM,12688000,0.0165305102365862,1,0.0230846015654581,2,1.0,1.0,0.3332,-0.2643
2026-02-03,AAPL,64394700,0.0010401142890049,1,0.0158618846122713,6,0.8026,0.8034,0.6913,0.1714
2026-02-03,UNH,10809100,-0.0018265525428633,-1,0.0333332976026498,13,0.0431,0.5986,-0.4431,0.1767
2026-02-03,TSLA,56886500,-0.0054446404846214,-1,0.0350484255361938,4,0.4587,0.5923,0.249,0.1392
2026-02-03,MSFT,61424100,-0.0255918534172802,1,0.0319660432743455,4,0.2109,0.736,0.0008,0.0194
2026-02-03,GOOGL,36506700,-0.0219669631002992,-1,0.0331951370439945,2,-0.465,0.5294,0.3331,0.2812
2026-02-04,TSLA,74606900,-0.0343670788734175,-1,0.0587927548948355,7,0.2522,0.3217,0.4587,0.249
2026-02-04,GOOGL,70618400,-0.0289246068267865,-1,0.0431245886208833,8,0.3768,0.6287,-0.465,0.3331
2026-02-04,MSFT,45012400,0.0077615631177766,-1,0.025693424716773,2,-0.0,0.0,0.2109,0.0008
2026-02-04,META,16882800,-0.0272490523411557,1,0.0310732347346875,3,0.6384,0.6705,0.093,0.3333
2026-02-04,AAPL,90545700,0.0154246632548041,-1,0.0244592289584898,5,0.1993,0.6007,0.8026,0.6913
2026-02-04,UNH,12944100,-0.0215949651679099,-1,0.0370554655691693,14,-0.2535,0.8109,0.0431,-0.4431
2026-02-04,BRK-B,10591700,0.0161960447297347,1,0.0331988540950737,4,0.5011,0.5012,0.5859,0.4977
2026-02-05,BRK-B,5033900,-0.0039927832994996,1,0.0178292966455637,5,0.2025,0.2026,0.5011,0.5859
2026-02-05,JPM,9388000,-0.0153650677393352,1,0.0332380991133432,2,0.5837,0.5873,1.0,0.3332
2026-02-05,AAPL,52977400,-0.0079818832262939,1,0.0225433750533807,3,0.6614,0.6647,0.1993,0.8026
2026-02-05,GOOGL,88205800,0.0609506076000712,-1,0.0840113089609098,10,0.2524,0.5883,0.3768,-0.465
2026-02-05,UNH,13035300,-0.0209268313578145,1,0.0386452505497647,17,-0.3786,0.6348,-0.2535,0.0431
2026-02-05,MSFT,66289200,-0.0337963600313205,1,0.0392204505522213,3,-0.0715,0.7443,-0.0,0.2109
2026-02-05,AMZN,103509200,-0.009870620179431,-1,0.0263660690019376,9,-0.3196,0.9437,0.1311,0.167
2026-02-05,META,17131800,0.0099912666326038,-1,0.0421953634511103,3,-0.9361,0.9988,0.6384,0.093
2026-02-06,GOOGL,56380500,-0.0132037637414451,1,0.0319701439245505,3,0.073,0.1946,0.2524,0.3768
2026-02-06,JPM,17797400,0.0244352027269649,-1,0.0303136500395591,3,0.6557,0.6789,0.5837,1.0
2026-02-06,META,18159300,-0.0060556406870964,1,0.0383025899839572,1,1.0,1.0,-0.9361,0.6384
2026-02-06,TSLA,62677100,0.025544416791238,1,0.0419088183141709,1,-0.0005,0.0005,0.2522,0.4587
2026-02-06,AMZN,179210900,0.0375925529881594,-1,0.0549087570319721,12,0.1931,0.8951,-0.3196,0.1311
2026-02-06,BRK-B,4421600,0.0077551741816612,-1,0.0134277224642378,5,0.5922,0.6128,0.2025,0.5011
2026-02-06,MSFT,53515300,0.0049352435163814,1,0.0222210958208495,3,0.3598,0.6766,-0.0715,-0.0
2026-02-06,AAPL,50453400,0.0036085450982241,-1,0.0143620491355922,2,0.9995,0.9996,0.6614,0.1993
2026-02-06,UNH,9572800,0.0359095200537719,-1,0.0426870141567464,16,-0.3771,0.7537,-0.3786,-0.2535
2026-02-09,BRK-B,4573000,-0.018213397103513,1,0.0203421443224203,7,0.0196,0.0536,0.5922,0.2025
2026-02-09,TSLA,54484300,0.0180771476565804,1,0.0340562351012672,1,-0.0061,0.0072,-0.0005,0.2522
2026-02-09,META,14837500,0.0211706899822107,-1,0.0369884021421483,3,-0.0,0.0,1.0,-0.9361
2026-02-09,JPM,11477500,0.0023651265771032,-1,0.0195743095058352,3,0.4171,0.6676,0.6557,0.5837
2026-02-09,AMZN,91178400,-0.0011963439658305,-1,0.0452696147763667,4,0.7498,0.7498,0.1931,-0.3196
2026-02-09,MSFT,45480500,0.0216129427394962,-1,0.0346301576383457,3,0.4471,0.4513,0.3598,-0.0715
2026-02-09,UNH,10371600,0.0056539060552819,-1,0.0250227448633566,3,-0.6164,0.7674,-0.3771,-0.3786
2026-02-10,UNH,7284700,-0.0154943354107616,1,0.0246468600773607,10,-0.273,0.5295,-0.6164,-0.3771
2026-02-10,TSLA,64450200,0.0170541645422198,1,0.024516839669933,1,-0.9826,0.9909,-0.0061,-0.0005
2026-02-10,META,10455800,-0.0101534904526276,-1,0.0160272236983594,2,0.5001,0.5001,-0.0,1.0
2026-02-10,MSFT,44857900,-0.0151327538663696,-1,0.0261664853832421,1,0.8285,0.9841,0.4471,0.3598
2026-02-10,AMZN,67175000,-0.0088122428687633,-1,0.0298850102642396,2,0.4937,0.5039,0.7498,0.1931
2026-02-10,GOOGL,39170000,-0.0074462243803092,-1,0.0219959125442296,3,0.0032,0.6663,0.073,0.2524
2026-02-10,AAPL,34376900,-0.004401840402256,1,0.0088398724809594,2,0.4839,0.5016,0.9995,0.6614
2026-02-10,BRK-B,3789100,0.0048202328296941,-1,0.0080939924255847,2,0.3837,0.4988,0.0196,0.5922
2026-02-11,AMZN,65545500,-0.0191290770654662,-1,0.0292223488532071,4,-0.2496,0.2506,0.4937,0.7498
2026-02-11,BRK-B,3614400,0.0013417100269692,-1,0.0120756958157458,5,-0.3997,0.3999,0.3837,0.0196
2026-02-11,GOOGL,45406400,-0.025112110025929,-1,0.0357400189762561,1,-0.0051,0.009,0.0032,0.073
2026-02-11,META,14323800,-0.0078783346566672,-1,0.0328932402749445,4,0.4958,0.496,0.5001,-0.0
2026-02-11,TSLA,57362000,0.0007243610729585,-1,0.0381344229602636,2,-0.6729,0.6908,-0.9826,-0.0061
2026-02-11,AAPL,51931300,0.0029122233615549,-1,0.0208590470117327,4,-0.2382,0.2608,0.4839,0.9995
2026-02-11,MSFT,42491000,-0.0283771391379549,-1,0.0371233167411993,2,-0.1029,0.6301,0.8285,0.4471
2026-02-11,UNH,6333100,0.0237483525279831,1,0.0363016244303716,11,-0.1785,0.9133,-0.273,-0.6164
2026-02-11,JPM,8703500,-0.0384234107331545,-1,0.0512003102740122,1,0.9998,0.9998,0.4171,0.6557
2026-02-12,TSLA,61933400,-0.0307459466513286,1,0.0516616584172986,2,0.4997,0.5004,-0.6729,-0.9826
2026-02-12,MSFT,40802400,-0.0078024781780477,-1,0.0202222282503858,1,0.9994,0.9999,-0.1029,0.8285
2026-02-12,BRK-B,4689900,-0.0023941695295606,-1,0.0156221677655191,6,0.3333,0.3334,-0.3997,0.3837
2026-02-12,META,14960100,-0.0300908608237673,-1,0.0458527576555181,2,-0.2135,0.2164,0.4958,0.5001
2026-02-12,AMZN,83975400,-0.021376742826196,-1,0.0313787455608979,3,0.0472,0.7139,-0.2496,0.4937
2026-02-12,GOOGL,47761300,-0.0099009784810442,-1,0.0289659333314752,4,0.2485,0.252,-0.0051,0.0032
2026-02-12,JPM,13443400,-0.0308696815951778,-1,0.043550679379653,3,0.3329,0.333,0.9998,0.4171
2026-02-12,UNH,12336900,0.0223252494007788,1,0.037748058174297,10,-0.0851,0.6949,-0.1785,-0.273
2026-02-12,AAPL,81077200,-0.0502920480994865,-1,0.0563881445314468,3,-0.3023,0.3447,-0.2382,0.4839
2026-02-13,BRK-B,4685900,-0.0051984527346685,1,0.0137558831685929,6,-0.0011,0.3328,0.3333,-0.3997
2026-02-13,GOOGL,38499700,-0.0065317313679694,-1,0.0159880845289182,1,1.0,1.0,0.2485,-0.0051
2026-02-13,MSFT,34091600,-0.0077389165245229,-1,0.0185190271378188,3,0.0239,0.6889,0.9994,-0.1029
2026-02-13,META,12336400,-0.008262217108048,-1,0.0261354611527441,1,-0.0002,0.0007,-0.2135,0.4958
2026-02-13,AAPL,56290700,-0.0237777594524003,1,0.0258769275423898,1,0.9969,0.9998,-0.3023,-0.2382
2026-02-13,TSLA,51434100,0.0075547413802628,-1,0.0318119107756198,1,0.1066,0.1146,0.4997,-0.6729
2026-02-13,AMZN,66321600,-0.0004525924902944,1,0.0195092758827048,1,1.0,1.0,0.0472,-0.2496
2026-02-13,UNH,10281900,0.0264677990034535,-1,0.031334178960383,1,-0.9978,1.0,-0.0851,-0.1785
2026-02-17,TSLA,59678800,-0.0041953160592803,1,0.0320350953641047,3,0.006,0.011,0.1066,0.4997
2026-02-17,MSFT,32078800,-0.005911567210872,1,0.0150042337960505,4,-0.7214,0.7316,0.0239,0.9994
2026-02-17,GOOGL,39247600,0.0065990548338941,1,0.0272963678448237,3,-0.2884,0.386,1.0,0.2485
2026-02-17,AMZN,69879200,0.0152424617132478,1,0.0289709047176328,3,0.2124,0.9926,1.0,0.0472
2026-02-17,AAPL,58469100,0.0225925881249068,1,0.0416586543976651,2,-0.3171,0.5051,0.9969,-0.3023
2026-02-17,UNH,6091700,-0.0167006927282632,-1,0.0200340634300593,7,0.1428,0.1429,-0.9978,-0.0851
2026-02-17,META,12674700,-0.0003284159072027,1,0.0215793397857212,2,0.3248,0.4941,-0.0002,-0.2135
2026-02-17,JPM,8896800,0.0144338584232786,1,0.018958878482064,4,0.0819,0.2856,0.3329,0.9998
2026-02-17,BRK-B,4263300,0.006779758255514,-1,0.0137594596895692,12,0.2718,0.345,-0.0011,0.3333
2026-02-18,META,14649200,0.0148627060454176,1,0.0265856357060101,1,1.0,1.0,0.3248,-0.0002
2026-02-18,UNH,6632000,-0.0062068544585129,1,0.0132413666823814,10,0.1834,0.7715,0.1428,-0.9978
2026-02-18,JPM,7209600,0.0010374354311208,-1,0.0164040643803578,9,0.4211,0.4212,0.0819,0.3329
2026-02-18,BRK-B,3732500,-0.0112334727183463,-1,0.0150374380567035,23,-0.2637,0.3317,0.2718,-0.0011
2026-02-18,TSLA,45921400,0.0005108656567333,1,0.0178054719784026,3,-0.6732,0.6826,0.006,0.1066
2026-02-18,AAPL,34203300,0.0028452199644694,-1,0.0165781298027412,4,-0.0514,0.2137,-0.3171,0.9969
2026-02-18,MSFT,23223400,0.0036922643424873,-1,0.0156732478282105,2,0.1404,0.8605,-0.7214,0.0239
2026-02-19,AAPL,30845300,-0.0076923818899444,1,0.0168698518293753,2,-0.001,0.001,-0.0514,-0.3171
2026-02-19,BRK-B,2610400,-0.0018679428061583,1,0.0096812568973636,4,0.2748,0.2767,-0.2637,0.2718
2026-02-19,META,10035700,0.009724888268207,1,0.0163960593485334,4,0.6674,0.6679,1.0,0.3248
2026-02-19,AMZN,35669600,0.0052011655678167,1,0.01388617168144,1,0.3506,0.3514,0.2124,1.0
2026-02-19,GOOGL,25834400,0.0034126259171097,1,0.01799083077335,1,-0.0001,0.0001,-0.2884,1.0
2026-02-19,JPM,6737700,0.0028647795252363,1,0.0132174280727727,32,0.0153,0.5533,0.4211,0.0819
2026-02-19,MSFT,28234000,-0.0055654270701557,-1,0.0193665407191726,2,0.9957,0.9991,0.1404,-0.7214
2026-02-19,UNH,4931800,-0.0033002919464818,1,0.0137509017105117,8,-0.1251,0.3752,0.1834,0.1428
2026-02-20,TSLA,57912200,0.0086211600207905,-1,0.0225324821995738,9,-0.4276,0.6609,-0.6732,0.006
2026-02-20,JPM,7792700,0.0077497233973347,-1,0.0172503483447034,20,-0.0612,0.4465,0.0153,0.4211
2026-02-20,META,14183500,0.0249651716334082,-1,0.0384091453599246,1,0.0001,0.0003,0.6674,1.0
2026-02-20,BRK-B,4326700,0.0031209470041188,-1,0.0131480899215673,3,0.9755,0.9756,0.2748,-0.2637
2026-02-20,GOOGL,53210800,0.0350289281202346,-1,0.0414038045487156,3,0.5573,0.5578,-0.0001,-0.2884
2026-02-20,MSFT,34015200,0.0028275622331801,-1,0.0125217531455963,4,0.7462,0.8088,0.9957,0.1404
2026-02-20,AAPL,42070500,0.0216626841916776,1,0.0254469487076783,1,-1.0,1.0,-0.001,-0.0514
2026-02-20,UNH,6974100,0.0038075670708034,-1,0.0181723783693852,10,0.2,0.8,-0.1251,0.1834
2026-02-20,AMZN,65881600,0.0261281805383962,-1,0.0362375384254935,3,-0.0122,0.653,0.3506,0.2124
2026-02-23,JPM,12955400,-0.0360426645246382,-1,0.0514896195758412,51,-0.1661,0.6596,-0.0612,0.0153
2026-02-23,AAPL,37308200,0.0102091257395147,1,0.0229609777114769,14,0.0892,0.5991,-1.0,-0.001
2026-02-23,GOOGL,31423000,-0.0236953388116079,-1,0.0302460249669285,3,0.6587,0.6602,0.5573,-0.0001
2026-02-23,MSFT,43238300,-0.0266582247577136,1,0.031037922146954,2,-0.9992,0.9993,0.7462,0.9957
2026-02-23,BRK-B,3556500,-0.004853985220764,1,0.0197784024302934,6,0.0175,0.0187,0.9755,0.2748
2026-02-23,TSLA,69680000,-0.0183162410472768,1,0.0335387644565869,41,-0.0686,0.5101,-0.4276,-0.6732
2026-02-23,AMZN,53581500,-0.0135992395389308,1,0.0255645935098306,1,-0.4023,0.4186,-0.0122,0.3506
2026-02-23,UNH,7247500,-0.0215213714011096,-1,0.0350025160742134,7,0.0509,0.5317,0.2,-0.1251
2026-02-24,AMZN,41137200,0.0150386738673911,1,0.0346035945301546,3,0.5743,0.5777,-0.4023,-0.0122
2026-02-24,JPM,13554100,0.001617075860475,1,0.0281988912831098,54,0.1364,0.5886,-0.1661,-0.0612
2026-02-24,GOOGL,25615600,0.0012237694713939,1,0.0204173533498722,1,0.999,0.9991,0.6587,0.5573
2026-02-24,BRK-B,3224300,0.0020669508023162,-1,0.0141036122166785,2,-0.0,0.0001,0.0175,0.9755
2026-02-24,AAPL,47014600,0.0159786064770276,1,0.0268051354663357,53,0.3291,0.5116,0.0892,-1.0
2026-02-24,TSLA,58579500,0.0247309258643617,1,0.0329912207153474,51,-0.0787,0.6737,-0.0686,-0.4276
2026-02-24,META,10135600,0.0098249360826726,1,0.0191603028927876,7,0.1433,0.4282,0.0001,0.6674
2026-02-24,UNH,9684500,-0.0292345841358345,1,0.0375620327604349,6,-0.1702,0.8326,0.0509,0.2
2026-02-24,MSFT,33884700,0.0126515988083415,1,0.019914597815293,5,0.4616,0.7459,-0.9992,0.7462
2026-02-25,UNH,11380600,0.0249197715358356,1,0.0283818200247647,8,0.1911,0.559,-0.1702,0.0509
2026-02-25,AAPL,33714300,0.0090146891531219,-1,0.0143131012801146,47,0.1987,0.5371,0.3291,0.0892
2026-02-25,BRK-B,3475500,-0.0032888198597134,1,0.0127719162911234,4,-0.1756,0.2748,-0.0,0.0175
2026-02-25,MSFT,43625500,0.025785489861714,1,0.0289606370674367,35,0.2985,0.6507,0.4616,-0.9992
2026-02-25,AMZN,41346400,0.0008552345815799,-1,0.012638998276408,1,-0.0004,0.0005,0.5743,-0.4023
2026-02-25,JPM,8095500,0.0156039811008482,1,0.022267591649809,29,0.0637,0.522,0.1364,-0.1661
2026-02-25,GOOGL,29963600,0.0026917783261626,-1,0.0134589894247583,14,0.5887,0.8737,0.999,0.6587
2026-02-25,META,11330700,0.0173687962206897,1,0.0182715043641185,79,0.3316,0.6722,0.1433,0.0001
2026-02-25,TSLA,54809700,0.0127380809844645,-1,0.0198714122593515,38,-0.0414,0.5185,-0.0787,-0.0686
2026-02-26,UNH,10210000,-0.0011150857619626,1,0.0349501651520065,11,-0.0223,0.611,0.1911,-0.1702
2026-02-26,AAPL,32345100,-0.0072740495042933,-1,0.0193125925544439,73,0.112,0.5868,0.1987,0.3291
2026-02-26,TSLA,53602500,-0.0140920483235472,-1,0.0317310783031897,31,-0.2346,0.6594,-0.0414,-0.0787
2026-02-26,AMZN,47756800,-0.0133345874605668,1,0.0270488163232915,96,0.0551,0.6207,-0.0004,0.5743
2026-02-26,JPM,7007800,0.0050890353236624,-1,0.0176308206511572,25,0.1224,0.4255,0.0637,0.1364
2026-02-26,BRK-B,4577000,0.0162135239668644,1,0.0187405016234807,7,0.4285,0.4287,-0.1756,-0.0
2026-02-26,MSFT,34405900,-0.0073879822527358,-1,0.0216204200161716,97,0.0913,0.7057,0.2985,0.4616
2026-02-26,GOOGL,36431200,-0.0168244930884482,1,0.0345125640972579,109,0.1772,0.6615,0.5887,0.999
2026-02-26,META,10637700,0.0099300931425306,-1,0.0207516720518273,87,0.061,0.6414,0.3316,0.1433
2026-02-27,META,15703000,0.0073509680301756,1,0.0175926755916768,65,0.1454,0.6363,0.061,0.3316
2026-02-27,AMZN,57422800,0.0153265877333147,-1,0.024803001679625,116,0.1262,0.5078,0.0551,-0.0004
2026-02-27,BRK-B,6364900,0.0039965199742869,-1,0.0106573056936089,4,0.1848,0.3532,0.4285,-0.1756
2026-02-27,AAPL,72366500,-0.0316337559475215,1,0.0363622411162759,43,0.2462,0.4964,0.112,0.1987
2026-02-27,GOOGL,44640600,0.025054234070435,-1,0.028177835573938,96,0.1536,0.5407,0.1772,0.5887
2026-02-27,UNH,9723300,0.0301017788520802,1,0.0361081782175034,8,0.1246,0.3754,-0.0223,0.1911
2026-02-27,MSFT,51367200,0.004758456120364,1,0.017754815684386,94,0.0991,0.6129,0.0913,0.2985
2026-02-27,TSLA,56890100,-0.0010671382170445,1,0.0223606733286184,37,-0.0164,0.5305,-0.2346,-0.0414
2026-02-27,JPM,18620800,0.0009999593098958,-1,0.0283333333333334,23,0.0141,0.5612,0.1224,0.0637
2026-03-02,BRK-B,11725300,-0.0304101068685223,1,0.0360236575775354,22,-0.2498,0.3594,0.1848,0.4285
2026-03-02,AAPL,41827900,0.0088030087510238,-1,0.0241225047975551,3,0.395,0.3957,0.2462,0.112
2026-03-02,MSFT,35474900,0.0144835377833515,1,0.0268797992983271,2,-0.0,1.0,0.0991,0.0913
2026-03-02,TSLA,55088300,0.0325652867945222,-1,0.0417050903491403,3,-0.0027,0.0199,-0.0164,-0.2346
2026-03-02,UNH,8141400,0.0234938538577,-1,0.0271029895174195,12,-0.1038,0.566,0.1246,-0.0223
2026-03-02,AMZN,46001000,0.0187728979740908,1,0.0306525979962236,5,-0.6101,0.6108,0.1262,0.0551
2026-03-02,JPM,8508900,0.0093280418668752,1,0.0229640093189324,3,0.1447,0.8092,0.0141,0.1224
2026-03-02,GOOGL,34790200,0.0108497770937721,-1,0.0237113813966468,5,0.277,0.5238,0.1536,0.1772
2026-03-03,BRK-B,6348700,0.0089712394142707,1,0.0229731329779772,10,0.1069,0.472,-0.2498,0.1848
2026-03-03,GOOGL,35497000,0.0167118466645756,-1,0.0242138419739504,1,-0.0006,0.0006,0.277,0.1536
2026-03-03,META,12263800,0.0104737683639058,1,0.0311588206767297,1,-0.0,0.0,0.1454,0.061
2026-03-03,AAPL,38568900,0.0010247039715126,-1,0.0206087462022424,2,0.1774,0.1821,0.395,0.2462
2026-03-03,MSFT,38199200,0.0274456367332452,1,0.0356870281745374,1,-0.2172,0.4268,-0.0,0.0991
2026-03-03,UNH,7051100,0.0007612762660903,1,0.0324578885075056,7,-0.1594,0.7565,-0.1038,0.1246
2026-03-03,JPM,10278200,0.0272674432505558,-1,0.0441000864607264,1,-0.0411,0.0426,0.1447,0.0141
2026-03-04,UNH,7796000,0.0102071955633834,-1,0.0230441972148657,3,-0.3377,0.3479,-0.1594,-0.1038
2026-03-04,MSFT,35808000,0.0097939624217087,1,0.0267151830792354,2,0.03,0.9565,-0.2172,-0.0
2026-03-04,GOOGL,29536200,0.0007923345860494,-1,0.0155832183051052,2,1.0,1.0,-0.0006,0.277
2026-03-04,AMZN,54731100,0.0301705994521132,1,0.0351118893276344,2,0.1889,0.6991,-0.6101,0.1262
2026-03-04,BRK-B,4369100,0.0134719563125324,1,0.0193346939562761,3,0.3327,0.3356,0.1069,-0.2498
2026-03-04,JPM,8055700,-0.0019999853510736,-1,0.0172672183886342,1,-0.6382,0.6405,-0.0411,0.1447
2026-03-04,AAPL,39803100,-0.0080483844017984,-1,0.0178725886183098,4,0.204,0.2472,0.1774,0.395
2026-03-05,AAPL,49658600,-0.0019172513655324,-1,0.0165266974093116,2,-0.0,0.0,0.204,0.1774
2026-03-05,GOOGL,35752300,-0.0071277837948885,-1,0.017522430731474,2,-0.001,0.0019,1.0,-0.0006
2026-03-05,JPM,12732500,-0.014866846869009,-1,0.0295657333840355,3,-0.0027,0.6647,-0.6382,-0.0411
2026-03-05,UNH,5397900,-0.0044130282129524,-1,0.0160318035158188,7,0.1226,0.6984,-0.3377,-0.1594
2026-03-05,TSLA,51925900,0.0099110501186824,-1,0.0229100319288169,1,-0.9907,0.9908,-0.0027,-0.0164
2026-03-05,MSFT,39001300,0.0154789056925973,-1,0.0178279788726788,1,0.9999,0.9999,0.03,-0.2172
2026-03-05,BRK-B,8963400,0.0134683420688291,-1,0.0169113429588607,20,-0.0964,0.1041,0.3327,0.1069
2026-03-05,META,13341400,-0.0020545758110535,-1,0.0308038839062316,1,-0.0,0.0,-0.0,0.1454
2026-03-06,GOOGL,25576900,0.008206939463798,1,0.0180688512603794,2,0.2803,0.331,-0.001,1.0
2026-03-06,JPM,13496500,0.0109660357917032,1,0.0219319650052878,1,1.0,1.0,-0.0027,-0.6382
2026-03-06,AMZN,51152700,-0.008279448968866,1,0.0222801452278402,1,0.0017,0.0057,0.1889,-0.6101
2026-03-06,UNH,6816900,-0.0029929190593823,1,0.0288160328698558,3,-0.1105,0.6617,0.1226,-0.3377
2026-03-06,AAPL,41120000,-0.0045238889751577,1,0.0170126969547794,1,0.0025,0.0029,-0.0,0.204
2026-03-06,TSLA,64054600,-0.0034162761286977,1,0.0204476744538147,1,-0.9384,0.9386,-0.9907,-0.0027
2026-03-06,BRK-B,5564400,-0.0005407892111604,-1,0.0176665144200677,2,0.0344,0.0584,-0.0964,0.3327
2026-03-09,BRK-B,5833600,0.004647440571656,-1,0.0173974863110254,9,-0.1896,0.7088,0.0344,-0.0964
2026-03-09,MSFT,30131900,0.0110885856106895,-1,0.0165711529007336,3,-0.243,0.4234,0.9999,0.03
2026-03-09,AAPL,38218500,0.0163870405623952,1,0.0292150696131147,3,0.0248,0.0346,0.0025,-0.0
2026-03-09,UNH,10348800,0.0112411823678523,-1,0.0231915196628435,4,-0.2557,0.7381,-0.1105,0.1226
2026-03-09,AMZN,54642900,0.0144452772107643,1,0.0318840903358027,1,1.0,1.0,0.0017,0.1889
2026-03-09,JPM,12241100,0.0154816582407509,-1,0.0373029558545865,4,-0.0444,0.559,1.0,-0.0027
2026-03-09,GOOGL,29312100,0.0407664105080996,1,0.0432123992855592,1,0.0024,0.0025,0.2803,-0.001
2026-03-10,AMZN,35678800,0.0006536224289307,-1,0.0150333871049094,3,-0.0004,0.0022,1.0,0.0017
2026-03-10,BRK-B,3598700,-0.0019994551423101,-1,0.0128451433086668,2,0.0066,0.0066,-0.1896,0.0344
2026-03-10,MSFT,31706400,-0.0104138453927372,-1,0.0177304576564973,1,1.0,1.0,-0.243,0.9999
2026-03-10,JPM,8344900,-0.0019357652945238,-1,0.0192540604918742,2,0.9332,0.9382,-0.0444,1.0
2026-03-10,META,9859300,0.0007803564592848,1,0.0172899012105704,1,0.9999,0.9999,-0.0,-0.0
2026-03-10,UNH,6075600,-0.0175377843248944,1,0.0302038851983482,6,-0.5045,0.5046,-0.2557,-0.1105
2026-03-10,AAPL,30590800,0.0123422967246755,-1,0.0214632210762585,1,-0.0002,0.0002,0.0248,0.0025
2026-03-10,TSLA,59258700,-0.007408908003789,1,0.0208840780443316,1,-0.9145,0.9381,-0.9384,-0.9907
2026-03-10,GOOGL,23239700,0.0028415425385635,1,0.0128686751432508,2,0.0023,0.0035,0.0024,0.2803
2026-03-11,BRK-B,3845700,0.0009734754099517,-1,0.009227499699367,4,0.2932,0.2962,0.0066,-0.1896
2026-03-11,UNH,6878800,0.0101635918533911,-1,0.0199022417310311,5,-0.1111,0.2897,-0.5045,-0.2557
2026-03-11,TSLA,62559900,0.0137715237191329,-1,0.0353733991983408,3,0.6666,0.6667,-0.9145,-0.9384
2026-03-11,AAPL,26218900,-0.0010724224720371,-1,0.009881715600106,3,0.3371,0.3371,-0.0002,0.0248
2026-03-11,JPM,10205000,-0.0044666339663679,-1,0.019459248925846,4,0.3364,0.3425,0.9332,-0.0444
2026-03-11,AMZN,34199300,-0.0141857712769061,-1,0.0261925442521493,3,-0.3333,0.3346,-0.0004,1.0
2026-03-12,JPM,13760500,0.0002122408479361,1,0.0169006081612054,2,0.0928,0.0942,0.3364,0.9332
2026-03-12,AAPL,40794000,-0.011211664401976,-1,0.01844127218633,2,0.2726,0.2815,0.3371,-0.0002
2026-03-12,MSFT,27263900,-0.0068458085110426,-1,0.0108988547781735,1,1.0,1.0,1.0,-0.243
2026-03-12,UNH,10512300,-0.027143798790163,1,0.0395743699065259,8,-0.4999,0.5003,-0.1111,-0.5045
2026-03-12,AMZN,44349500,-0.0040876496641782,-1,0.0169210172903206,4,1.0,1.0,-0.3333,-0.0004
2026-03-12,BRK-B,4170900,-0.0009342773420854,-1,0.0088961202975827,6,0.0512,0.0564,0.2932,0.0066
2026-03-12,META,11617500,-0.0162928821953275,-1,0.0255876309609825,1,0.9999,0.9999,0.9999,-0.0
2026-03-13,JPM,9091200,-0.0043208308859703,1,0.0148944041675515,1,-0.378,0.9963,0.0928,0.3364
2026-03-13,UNH,4737600,0.0144932705699518,1,0.018233501290132,6,0.0007,0.6667,-0.4999,-0.1111
2026-03-13,MSFT,26848000,-0.0135910528853646,1,0.0263091964911935,5,0.0608,0.5719,1.0,1.0
2026-03-13,META,18957600,-0.0163169668319145,1,0.0314478428192881,2,-0.9264,0.9265,0.9999,0.9999
2026-03-13,TSLA,58504100,-0.0199664327294114,1,0.0256782815722595,1,-0.953,0.9551,0.6666,-0.9145
2026-03-13,AAPL,36930000,-0.0209801186002359,1,0.0266556380683019,1,-0.5686,0.9823,0.2726,0.3371
2026-03-13,BRK-B,3565700,-0.006669116387083,1,0.0094867897589315,2,0.0928,0.1043,0.0512,0.2932
2026-03-13,AMZN,35662100,-0.0092552952423895,1,0.0207051014992281,3,-0.0833,0.7873,1.0,-0.3333
2026-03-16,GOOGL,23519700,0.0039756577322576,1,0.0114013509154421,2,0.6675,0.6678,0.0023,0.0024
2026-03-16,UNH,4854000,0.0053172025833874,1,0.0223958909272269,11,0.8075,0.8098,0.0007,-0.4999
2026-03-16,MSFT,27733700,0.0047227996287629,-1,0.0146707770754859,3,-0.0054,0.6564,0.0608,1.0
2026-03-16,AAPL,32074200,0.0028162576341608,1,0.0159057335969531,2,0.9745,0.9995,-0.5686,0.2726
2026-03-16,TSLA,58068300,-0.0016657504923426,1,0.0234970408609127,1,0.9446,0.9767,-0.953,0.6666
2026-03-16,META,15134900,-0.0071993477736848,-1,0.0184335829336432,5,0.2916,0.4785,-0.9264,0.9999
2026-03-16,BRK-B,3752000,-0.0011364278894391,1,0.0112628983791317,4,0.4431,0.4534,0.0928,0.0512
2026-03-16,JPM,8149000,-0.0006285977442316,1,0.0162743721509671,1,-0.6461,0.8721,-0.378,0.0928
2026-03-17,UNH,5752000,-0.0007990982574865,-1,0.0144197153318496,6,0.3235,0.3429,0.8075,0.0007
2026-03-17,AMZN,44969900,0.0111831103379188,-1,0.01536511681197,1,0.966,0.9661,-0.0833,1.0
2026-03-17,BRK-B,4424900,-0.0045671525793194,-1,0.0112157219182805,2,0.4999,0.5001,0.4431,0.0928
2026-03-17,META,10348800,-0.0084874236416642,-1,0.0236468348490637,2,0.4999,0.5001,0.2916,-0.9264
2026-03-17,JPM,8961200,-0.0073009873756488,1,0.020103797780601,2,0.2384,0.2524,-0.6461,-0.378
2026-03-17,AAPL,32361600,0.0050205130454017,-1,0.0116619707808916,2,-0.0247,0.0384,0.9745,-0.5686
2026-03-17,TSLA,46890500,0.0090474526780487,-1,0.0179938716501734,3,0.1946,0.2505,0.9446,-0.953
2026-03-17,MSFT,26228300,-0.0021485131915125,-1,0.0166137709021628,2,0.5098,0.5101,-0.0054,0.0608
2026-03-18,GOOGL,20009800,-0.0051087613683582,-1,0.0179131785873896,2,-0.0474,0.0484,0.6675,0.0023
2026-03-18,BRK-B,4356400,-0.0135806760369725,-1,0.0154335156243979,4,0.5414,0.5415,0.4999,0.4431
2026-03-18,TSLA,50853100,-0.015588975490484,-1,0.0269674430216166,3,0.3315,0.3373,0.1946,0.9446
2026-03-18,MSFT,25908500,-0.0134464690963515,-1,0.0176264697049662,1,1.0,1.0,0.5098,-0.0054
2026-03-18,AMZN,37846600,-0.0189781596671525,-1,0.0294956190091437,3,-0.0,0.0,0.966,-0.0833
2026-03-18,AAPL,35757900,-0.0106479926747182,-1,0.0235126561635528,1,-0.999,1.0,-0.0247,0.9745
2026-03-18,UNH,4544100,-0.0030505806364905,-1,0.018688591669472,6,-0.1892,0.1907,0.3235,0.8075
2026-03-19,GOOGL,25075800,0.0102628039109397,-1,0.0187822481880783,1,-0.542,0.5452,-0.0474,0.6675
2026-03-19,JPM,9846700,0.0037994852179951,-1,0.0170455053165347,2,-0.5,0.5,0.2384,-0.6461
2026-03-19,META,13247700,-0.0089030662250612,-1,0.017544702778792,1,-0.0912,0.1041,0.4999,0.2916
2026-03-19,UNH,5542100,-0.0125352026711047,-1,0.0263379593970071,7,0.0267,0.5506,-0.1892,0.3235
2026-03-19,TSLA,67078300,-0.0179977829897298,-1,0.0220517423751166,2,-0.4932,0.494,0.3315,0.1946
2026-03-19,BRK-B,4045600,-0.0050009980175241,-1,0.0112419973342053,5,0.2003,0.5998,0.5414,0.4999
2026-03-19,MSFT,25138800,-0.0027685646576409,-1,0.0139194888254893,2,-0.5433,0.5441,1.0,0.5098
2026-03-20,GOOGL,44364100,-0.0146009021798,1,0.0253061323988968,1,1.0,1.0,-0.542,-0.0474
2026-03-20,JPM,22436500,-0.0052762742450718,1,0.0188836527873191,1,0.0001,0.0002,-0.5,0.2384
2026-03-20,TSLA,78628600,-0.0313018677303832,1,0.0406213582872878,2,0.4371,0.4372,-0.4932,0.3315
2026-03-20,MSFT,50853200,-0.0127201150987408,1,0.0177874421024849,2,-0.0455,0.0483,-0.5433,1.0
2026-03-20,BRK-B,7786400,-0.0014326400648027,-1,0.0113364852682021,5,0.3831,0.4141,0.2003,0.5414
2026-03-20,AMZN,63694600,-0.0097878439683564,1,0.0155254872549378,2,-0.0165,0.0165,-0.0,0.966
2026-03-20,AAPL,88331100,4.036521411990107e-05,1,0.0129042543889633,2,0.0008,0.001,-0.999,-0.0247
2026-03-20,UNH,38893000,-0.0121867952811786,-1,0.0290333215779925,5,0.4083,0.4094,0.0267,-0.1892
2026-03-23,GOOGL,29326900,-0.0001654622335986,-1,0.0167158272000518,1,-0.0,0.0,1.0,-0.542
2026-03-23,BRK-B,4958000,-0.0072802254677805,-1,0.0144364239634501,10,0.2608,0.4618,0.3831,0.2003
2026-03-23,AAPL,40546100,-0.0097649159964524,1,0.0170099118142092,1,0.0,0.0,0.0008,-0.999
2026-03-23,JPM,11470800,-0.0149502019400764,1,0.0264347077701563,31,0.1986,0.6023,0.0001,-0.5
2026-03-23,UNH,10424200,-0.0343913649055523,1,0.0417711651867418,8,0.1314,0.8728,0.4083,0.0267
2026-03-23,META,13638000,-0.0028557429662065,-1,0.0158966064677581,2,0.0354,0.9643,-0.0912,0.4999
2026-03-23,TSLA,74606000,0.0207992973325318,1,0.0337719470090703,3,0.3326,0.9993,0.4371,-0.4932
2026-03-23,AMZN,44277400,0.0016683641485142,-1,0.0156823902483976,2,0.5,0.5,-0.0165,-0.0
2026-03-23,MSFT,29680100,-0.0023443446491094,-1,0.0144047899640968,3,0.3217,0.7572,-0.0455,-0.5433
2026-03-24,AAPL,45152300,0.0051527591559131,1,0.0210904679471576,3,-0.3683,0.3695,0.0,0.0008
2026-03-24,UNH,5911700,0.012682722966626,-1,0.0215346027822787,7,0.336,0.8159,0.1314,0.4083
2026-03-24,META,10739700,-0.0103154614048131,1,0.0166917049032087,4,0.4158,0.6684,0.0354,-0.0912
2026-03-24,MSFT,42733600,-0.0251595237099466,-1,0.0277748601423939,3,-0.0992,0.3337,0.3217,-0.0455
2026-03-24,BRK-B,3434400,0.0027823986867481,-1,0.012447724282492,2,-0.0552,0.4977,0.2608,0.3831
2026-03-24,GOOGL,36864300,-0.0292781063109167,1,0.03205222748732,3,0.0027,0.0226,-0.0,1.0
2026-03-24,AMZN,35351400,-0.0034142412382667,1,0.0130320113182866,4,0.0531,0.1451,0.5,-0.0165
2026-03-24,JPM,11092300,0.0217702071371053,1,0.035328704597813,31,-0.0342,0.6189,0.1986,0.0001
2026-03-25,META,12585000,-0.0064301293528605,-1,0.0171526182710354,4,0.727,0.7291,0.4158,0.0354
2026-03-25,JPM,12188200,0.0043175915607767,-1,0.0176780972800605,24,0.2023,0.6229,-0.0342,0.1986
2026-03-25,AMZN,36388800,0.0007090620013449,-1,0.014983992552072,1,-0.0006,0.0059,0.0531,0.5
2026-03-25,TSLA,55157300,-0.0103591838983247,-1,0.0287699723112384,3,0.0103,0.6823,0.3326,0.4371
2026-03-25,GOOGL,29460700,-0.0085537409512739,-1,0.0230371105145245,3,0.6658,0.6659,0.0027,-0.0
2026-03-25,MSFT,31181200,-0.0156001397467313,-1,0.0197123856815467,3,0.3309,0.9978,-0.0992,0.3217
2026-03-25,AAPL,28476700,-0.0058245216480837,1,0.0133805344935697,3,0.6655,0.666,-0.3683,0.0
2026-03-25,UNH,8121200,-0.0161818625710227,-1,0.0326181862571023,10,0.2123,0.6873,0.336,0.1314
2026-03-26,JPM,8669200,-0.0031443808612282,-1,0.0145600500497483,25,0.062,0.4909,0.2023,-0.0342
2026-03-26,AAPL,41796700,0.0030541182269301,-1,0.0247104388711546,55,0.1505,0.5535,0.6655,-0.3683
2026-03-26,UNH,6218800,-0.0071854606154923,-1,0.0276307353697826,10,0.1154,0.5851,0.2123,0.336
2026-03-26,AMZN,46746000,-0.0145767404934324,-1,0.0273966300543153,4,0.4957,0.4998,-0.0006,0.0531
2026-03-26,BRK-B,3774600,-0.00245574137717,-1,0.0081437428908788,2,0.5,0.5,-0.0552,0.2608
2026-03-26,META,35780100,-0.0600010520231747,-1,0.0680698811632945,8,-0.7468,0.7469,0.727,0.4158
2026-03-26,MSFT,36836600,-0.0130791381471364,-1,0.0256997966427536,3,0.0004,0.6669,0.3309,-0.0992
2026-03-26,GOOGL,39080600,-0.0242783861118575,-1,0.0328227990928781,2,0.0985,0.8861,0.6658,0.0027
2026-03-26,TSLA,55522900,-0.0248690267299911,-1,0.0329402702389081,37,0.0061,0.6343,0.0103,0.3326
2026-03-27,MSFT,37883400,-0.014175200246839,1,0.0164133808830773,35,-0.0228,0.7721,0.0004,0.3309
2026-03-27,JPM,9873300,-0.021788815077038,1,0.0289132770561947,32,0.3159,0.5957,0.062,0.2023
2026-03-27,BRK-B,5382300,-0.0120205237935938,1,0.0160062344182984,7,-0.0044,0.2903,0.5,-0.0552
2026-03-27,TSLA,62065700,-0.0212610993460294,-1,0.0281045850908725,66,-0.0809,0.6145,0.0061,0.0103
2026-03-27,AAPL,47900000,-0.0200866127110103,-1,0.0292240974687477,41,0.1464,0.5571,0.1505,0.6655
2026-03-27,UNH,10735300,-0.0317009756498246,1,0.043738363390771,10,0.1319,0.5694,0.1154,0.2123
2026-03-27,META,30133000,-0.0266247093738748,1,0.04321415825837,39,-0.2792,0.6883,-0.7468,0.727
2026-03-27,AMZN,56009800,-0.0344861481373687,1,0.0361329384446159,61,-0.0965,0.6321,0.4957,-0.0006
2026-03-27,GOOGL,35890600,-0.0106030094285536,-1,0.0195469667268366,44,0.1986,0.7952,0.0985,0.6658
2026-03-30,JPM,11734400,-0.0034066209663935,1,0.017278968871512,41,-0.0283,0.6423,0.3159,0.062
2026-03-30,AAPL,39446200,-0.0137561576384737,1,0.0214340002933748,44,0.1411,0.6459,0.1464,0.1505
2026-03-30,GOOGL,35141200,-0.0105636831122496,1,0.018016101383448,61,0.1588,0.6587,0.1986,0.0985
2026-03-30,BRK-B,4590900,0.0084558745820107,1,0.0149571017559085,6,0.3336,0.6666,-0.0044,0.5
2026-03-30,META,22795200,0.0,1,0.0205265104317795,75,0.2112,0.6768,-0.2792,-0.7468
2026-03-30,MSFT,44797000,-0.0081237979856037,1,0.0250897671329136,71,0.1808,0.6803,-0.0228,0.0004
2026-03-30,UNH,7774700,0.0061880848430452,1,0.0217540675834531,2,0.0085,0.0089,0.1319,0.1154
2026-03-30,AMZN,46373800,-0.0026305280451444,1,0.0189597349872121,58,0.0526,0.6698,-0.0965,0.4957
2026-03-30,TSLA,67954400,-0.028918129874463,1,0.0414092672144138,55,0.0033,0.6577,-0.0809,0.0061
2026-03-31,TSLA,75534900,0.0283256063670652,1,0.0341069022687903,57,0.1333,0.5937,0.0033,-0.0809
2026-03-31,UNH,9170800,0.0288593016649833,1,0.0352472225522813,4,0.0787,0.1387,0.0085,0.1319
2026-03-31,AAPL,49598100,0.0237182426572733,1,0.0338025472963365,88,0.1121,0.5947,0.1411,0.1464
2026-03-31,JPM,12956900,0.0197247631203528,1,0.0350816205302574,51,0.3055,0.549,-0.0283,0.3159
2026-03-31,META,32898300,0.0402742376098561,1,0.0489472051095609,89,0.1991,0.6671,0.2112,-0.2792
2026-03-31,AMZN,58470100,0.0166951333514586,1,0.0299731472136044,98,0.2896,0.572,0.0526,-0.0965
2026-03-31,BRK-B,4725300,0.0029721073116548,-1,0.01054880605676,14,-0.1702,0.3154,0.3336,-0.0044
2026-03-31,GOOGL,43875400,0.0342396371784521,1,0.0395266504697989,105,0.1092,0.7056,0.1588,0.1986
2026-03-31,MSFT,45244400,0.0154163374652402,-1,0.0269647151321486,113,0.2254,0.6342,0.1808,-0.0228
2026-04-01,TSLA,58683800,0.0069461079388742,-1,0.0239284471894296,2,0.3479,0.39,0.1333,0.0033
2026-04-01,UNH,5473400,-0.0008387020018112,1,0.0165565740447774,2,0.5,0.5,0.0787,0.0085
2026-04-01,JPM,11267200,-3.38866079712154e-05,-1,0.0196689030450424,4,0.5466,0.6459,0.3055,-0.0283
2026-04-01,GOOGL,37684500,0.0225210369722918,-1,0.0347613308996775,1,0.0011,0.0017,0.1092,0.1588
2026-04-01,AAPL,40059400,0.0061004527730932,1,0.0112169034327292,1,-0.0,0.0003,0.1121,0.1411
2026-04-01,MSFT,29417200,-0.0110310723845694,1,0.0155023646650084,3,0.0836,0.0841,0.2254,0.1808
2026-04-01,BRK-B,3600800,-0.0010021524391794,-1,0.0080379264587421,4,-0.0015,0.0017,-0.1702,0.3336
2026-04-01,AMZN,45955400,0.0006177764745497,-1,0.0256129981330388,4,0.0991,0.0995,0.2896,0.0526
2026-04-02,BRK-B,2972800,-0.0009836365440934,-1,0.0085597008814981,4,0.2513,0.2514,-0.0015,-0.1702
2026-04-02,UNH,6407000,0.0182526022429617,1,0.0275809230230569,2,0.5,0.5,0.5,0.0787
2026-04-06,BRK-B,3663500,0.0015136888011601,1,0.0087247064384929,3,-0.3913,0.519,0.2513,-0.0015
2026-04-06,JPM,7142600,0.004726976331286,1,0.0123443324334213,1,-0.9924,0.9961,0.5466,0.3055
2026-04-06,MSFT,16146600,-0.0016332040148646,-1,0.0113256341453051,1,-0.2245,0.2299,0.0836,0.2254
2026-04-06,UNH,7097000,0.0125233208852776,1,0.0217719435967339,2,0.0,0.9999,0.5,0.5
2026-04-06,TSLA,77697600,-0.0269450043088541,-1,0.0581372536064717,1,-0.9636,0.9649,0.3479,0.1333
2026-04-07,BRK-B,3206500,0.0049820166903332,1,0.0114145020565412,3,0.329,0.3508,-0.3913,0.2513
2026-04-07,JPM,7849100,0.014532233864953,1,0.0186940717572187,2,0.0014,0.9986,-0.9924,0.5466
2026-04-07,UNH,22099800,-0.0036263399548455,-1,0.0378176864010373,3,0.0295,0.6925,0.0,0.5
2026-04-08,UNH,9645000,-0.0192948365822815,1,0.0260897905398636,1,1.0,1.0,0.0295,0.0
2026-04-08,BRK-B,4655100,-0.0082687338501291,1,0.0125478187580748,1,1.0,1.0,0.329,-0.3913
2026-04-08,JPM,10590200,0.0,1,0.0192551974862956,1,0.9992,0.9992,0.0014,-0.9924
2026-04-09,BRK-B,3518500,0.0146170529199613,-1,0.0222914699663083,4,0.4882,0.4886,1.0,0.329
2026-04-09,JPM,6586600,0.0110114814491509,-1,0.0167780557395414,5,0.7207,0.7243,0.9992,0.0014
2026-04-09,UNH,5742000,0.0035641760244124,-1,0.0122621146759191,2,-0.0,0.0001,1.0,0.0295
2026-04-09,AAPL,28121600,0.00575285804778,-1,0.0194980223666748,1,0.0035,0.005,-0.0,0.1121
2026-04-10,BRK-B,3758900,-0.0085120350619881,1,0.0122721624285238,2,0.5,0.5,0.4882,1.0
2026-04-10,JPM,6069700,-0.0004193705897178,1,0.0117096931703629,2,0.5,0.5,0.7207,0.9992
2026-04-10,META,13294800,-0.0072658842253064,1,0.022459691802605,1,0.4637,0.9941,0.1991,0.2112
2026-04-10,GOOGL,19152600,-0.0086869535489488,1,0.0172176096406636,5,0.5175,0.5252,0.0011,0.1092
2026-04-10,AAPL,31291500,0.0019232247821788,-1,0.0121932967681161,1,-0.0001,0.0001,0.0035,-0.0
2026-04-13,BRK-B,3612400,0.0026936908777675,-1,0.0077469022809802,4,0.1982,0.2028,0.5,0.4882
2026-04-13,JPM,8318200,0.0201970645279979,-1,0.0269294524552768,5,0.5966,0.7709,0.5,0.7207
2026-04-13,GOOGL,18866400,0.0131487126113014,1,0.0194236090609315,1,0.9941,0.9947,0.5175,0.0011
2026-04-13,UNH,7972200,0.032151690024732,1,0.0342951158993713,3,0.3268,0.3298,-0.0,1.0
2026-04-14,BRK-B,4864000,-0.0047310164965761,-1,0.0093578505183745,3,-0.0,0.0,0.1982,0.5
2026-04-14,GOOGL,27721400,0.0250007540366329,1,0.0293728510543216,5,0.6014,0.6021,0.9941,0.5175
2026-04-14,AAPL,48370700,-0.0016201096537488,1,0.0182834724566053,2,0.4999,0.5002,-0.0001,0.0035
2026-04-14,UNH,5864500,0.0053758043687662,-1,0.0227512243748442,2,1.0,1.0,0.3268,-0.0
2026-04-14,JPM,11455500,0.0041959452657566,-1,0.0175908981931175,7,0.2893,0.5686,0.5966,0.5
2026-04-14,TSLA,59979600,0.0182570484920347,1,0.0359549735408247,1,-0.7311,0.9913,-0.9636,0.3479
2026-04-15,AAPL,49913500,0.0320343542623123,-1,0.0338937088467519,5,0.2576,0.6591,0.4999,-0.0001
2026-04-15,UNH,5041200,-0.0061709247057951,1,0.0209177717377868,1,1.0,1.0,1.0,0.3268
2026-04-15,JPM,9885800,-0.0255455302418057,1,0.0317884379063784,3,0.3333,0.3335,0.2893,0.5966
2026-04-15,BRK-B,6993900,-0.0081799239793083,1,0.010523009998529,2,0.0063,0.0095,-0.0,0.1982
2026-04-16,JPM,8208600,0.0150646995630194,1,0.015555919125771,2,-0.3884,0.3916,0.3333,0.2893
2026-04-16,GOOGL,20541500,-0.0080590730223708,1,0.0158229250749541,3,0.6587,0.6605,0.6014,0.9941
2026-04-16,TSLA,63515100,-0.0124679507695302,1,0.0311317890394613,3,0.9969,0.9969,-0.7311,-0.9636
2026-04-16,BRK-B,4534000,0.0023205901206919,-1,0.0258427920423555,3,0.3333,0.3333,0.0063,-0.0
2026-04-16,AAPL,43323100,-0.0127436058922263,1,0.0220765176833817,3,-0.0572,0.128,0.2576,0.4999
2026-04-16,UNH,5205600,0.0044444250682044,1,0.0174603174603178,3,0.2357,0.2932,1.0,1.0
2026-04-17,GOOGL,25581900,0.011935432702932,-1,0.018006862726933,1,0.9997,0.9997,0.6587,0.6014
2026-04-17,BRK-B,6492900,-0.0019138229632569,-1,0.0116511570352746,2,-0.0176,0.0176,0.3333,0.0063
2026-04-17,MSFT,48568200,-0.0047784914653221,-1,0.0256343485313962,3,0.6917,0.6929,-0.2245,0.0836
2026-04-17,UNH,9414700,0.0143103179644751,-1,0.0254022017663484,6,0.8163,0.8328,0.2357,1.0
2026-04-17,TSLA,90640000,0.0118710384169831,-1,0.0445292086403468,3,0.3311,0.336,0.9969,-0.7311
2026-04-17,AAPL,61436200,0.0122490996251032,1,0.020901958161789,2,0.018,0.0291,-0.0572,0.2576
2026-04-20,TSLA,64603900,-0.0250384691452022,-1,0.0458790844968834,5,0.1673,0.1752,0.3311,0.9969
2026-04-20,BRK-B,5147000,-0.0048484722940948,-1,0.0098444567217541,6,0.1439,0.1905,-0.0176,0.3333
2026-04-20,AAPL,36590200,0.0100617813628158,-1,0.0147597027061902,6,0.1411,0.1928,0.018,-0.0572
2026-04-20,META,12534000,-0.0153369913580106,-1,0.0225725097062705,1,0.0023,0.0027,0.4637,0.1991
2026-04-20,GOOGL,18784200,-0.0098016088806543,-1,0.0140568388532928,4,0.1999,0.3096,0.9997,0.6587
2026-04-20,JPM,10772000,0.0197522406636683,-1,0.0217468542155146,8,0.4807,0.7281,-0.3884,0.3333
2026-04-20,UNH,9050600,-0.0021900473479481,1,0.0162867415390182,23,0.1028,0.6354,0.8163,0.2357
2026-04-20,AMZN,39463100,-0.0036518465957451,1,0.0193025302438638,6,0.3567,0.3568,0.0991,0.2896
2026-04-20,MSFT,27582200,-0.0073132770198322,1,0.0166923872282538,8,0.0721,0.7193,0.6917,-0.2245
2026-04-21,AAPL,50209800,-0.0196316264171846,1,0.0272559627863143,5,0.0782,0.1207,0.1411,0.018
2026-04-21,JPM,7084300,-0.0141421473825377,1,0.0235912641807883,46,0.3508,0.6757,0.4807,-0.3884
2026-04-21,BRK-B,5919000,-0.0085495587079751,-1,0.012972456875532,7,0.4237,0.431,0.1439,-0.0176
2026-04-21,UNH,26097300,-0.0198294660387889,1,0.0352680698706506,115,0.5159,0.6992,0.1028,0.8163
2026-04-21,MSFT,32048500,0.0093280352151829,1,0.0237482883606199,4,0.7235,0.777,0.0721,0.6917
2026-04-21,AMZN,42922400,-0.0203065300487905,1,0.0234818704001263,3,0.2526,0.2529,0.3567,0.0991
2026-04-21,META,8660100,-0.0032190359829078,1,0.0132190687290425,4,0.5012,0.5014,0.0023,0.4637
2026-04-21,GOOGL,23123800,-0.0159909794706501,1,0.0236607248559612,1,-0.0001,0.0001,0.1999,0.9997
2026-04-21,TSLA,50530600,-0.0167429683772662,1,0.0222137684130488,3,0.0512,0.631,0.1673,0.3311
2026-04-22,GOOGL,20293000,0.0068245753531657,-1,0.0137973830872558,2,0.918,0.9181,-0.0001,0.1999
2026-04-22,AAPL,43249200,0.0199761255963187,1,0.0256515380827048,5,-0.2035,0.5087,0.0782,0.1411
2026-04-22,UNH,11807300,0.0075238944770906,1,0.0269607595857097,39,0.6784,0.8861,0.5159,0.1028
2026-04-22,AMZN,36065100,0.011567097689373,-1,0.0222231047222941,2,0.5024,0.5135,0.2526,0.3567
2026-04-22,JPM,5545900,-0.0058123457340574,-1,0.0101953037727519,25,0.3209,0.3512,0.3508,0.4807
2026-04-22,TSLA,62362800,-0.0001548044416748,-1,0.0198932369041818,4,-0.2347,0.4839,0.0512,0.1673
2026-04-22,BRK-B,5720500,-0.0073795835924956,1,0.0135861351281899,8,0.144,0.2946,0.4237,0.1439
2026-04-22,MSFT,29378200,0.0157911047837247,-1,0.0235341015083427,4,1.0,1.0,0.7235,0.0721
2026-04-23,AAPL,33399600,-0.0058898207201772,-1,0.0149790776223871,4,0.0001,0.5187,-0.2035,0.0782
2026-04-23,GOOGL,18650300,-0.0067119352731796,1,0.0169412008423059,1,-0.0001,0.0001,0.918,-0.0001
2026-04-23,JPM,6969700,-0.0058369055766515,-1,0.0194564168145319,18,0.1103,0.5587,0.3209,0.3508
2026-04-23,BRK-B,4749100,0.0082061762132506,-1,0.0134556024230193,5,0.1556,0.2447,0.144,0.4237
2026-04-23,TSLA,93969500,-0.0041568896921447,1,0.0469249238138027,8,-0.1311,0.6351,-0.2347,0.0512
2026-04-23,META,11667000,-0.0068554884876956,1,0.0248757111073774,6,0.2516,0.4092,0.5012,0.0023
2026-04-23,MSFT,38308000,-0.0098597597085128,1,0.0291743065389554,6,-0.0117,0.3576,1.0,0.7235
2026-04-23,AMZN,39091400,-0.0012138202722683,1,0.0223971229663387,3,0.3048,0.9715,0.5024,0.2526
2026-04-23,UNH,7255800,-0.0003383193855459,1,0.0179034798540786,21,0.5617,0.6587,0.6784,0.5159
2026-04-24,BRK-B,3857000,0.0011092567081713,1,0.0078925177119783,5,0.3999,0.4003,0.1556,0.144
2026-04-24,META,13348300,0.0222771108091437,1,0.0406317478754115,3,0.4543,0.4558,0.2516,0.5012
2026-04-24,UNH,8554600,-0.0044039856648104,-1,0.0193272863743792,18,0.3856,0.6102,0.5617,0.6784
2026-04-24,AMZN,53777400,0.0154241829317322,-1,0.026194312142528,6,0.3478,0.4997,0.3048,0.5024
2026-04-24,TSLA,62893300,0.0074966205969712,1,0.032208832073084,4,-0.1867,0.6864,-0.1311,-0.2347
2026-04-24,JPM,5215300,-0.0092238315072643,1,0.0104771952820008,35,0.0546,0.5296,0.1103,0.3209
2026-04-24,GOOGL,26426100,0.0167389446646494,1,0.0291676971180247,1,0.0,0.0003,-0.0001,0.918
2026-04-24,MSFT,27457400,0.0183466289519356,1,0.0219440832368643,1,0.0155,0.0327,-0.0117,1.0
2026-04-24,AAPL,38157100,-0.0062326299536799,-1,0.0125018460918792,2,0.4994,0.5007,0.0001,-0.2035
2026-04-27,TSLA,66735800,0.0176839397850097,-1,0.0450428926619285,76,0.2125,0.5252,-0.1867,-0.1311
2026-04-27,GOOGL,28576900,0.0126018417628607,-1,0.0302040041552171,4,0.4993,0.4995,0.0,-0.0001
2026-04-27,JPM,7925300,0.0154783626317195,-1,0.0185739754912667,32,-0.0458,0.2876,0.0546,0.1103
2026-04-27,META,12805200,0.011356177521889,-1,0.0173770091572746,2,-0.1305,0.2425,0.4543,0.2516
2026-04-27,BRK-B,4888000,0.0064070026475851,1,0.0130906642321892,3,0.0038,0.0043,0.3999,0.1556
2026-04-27,UNH,7256100,0.0022039466848231,1,0.0213047892100343,11,0.6125,0.8526,0.3856,0.5617
2026-04-27,AMZN,44906800,-0.0088817900773735,-1,0.0144613895170621,4,0.4775,0.4815,0.3478,0.3048
2026-04-27,MSFT,30867300,0.005776794387043,1,0.0237700125746466,3,-0.3478,0.348,0.0155,-0.0117
2026-04-27,AAPL,41466800,0.005712311753884,1,0.0123641552580806,7,0.0768,0.2129,0.4994,0.0001
2026-04-28,TSLA,50864400,0.0035763754779672,-1,0.0260222061241388,51,-0.1294,0.5763,0.2125,-0.1867
2026-04-28,AMZN,42204400,0.0050698459086204,1,0.0170284981889526,9,0.245,0.474,0.4775,0.3478
2026-04-28,BRK-B,4902400,0.0028733721190351,-1,0.0085991222812111,7,0.2757,0.3756,0.0038,0.3999
2026-04-28,META,10606800,-0.0043010848079452,-1,0.0186135322359123,4,0.4947,0.4948,-0.1305,0.4543
2026-04-28,GOOGL,27824100,0.0035289371091836,1,0.0180749348190738,3,0.0001,0.6667,0.4993,0.0
2026-04-28,UNH,10604100,0.0278275775633025,1,0.0389810665980895,15,0.602,0.732,0.6125,0.3856
2026-04-28,JPM,7398600,-0.0118972076610735,-1,0.0135786758043833,30,-0.0706,0.5403,-0.0458,0.0546
2026-04-28,MSFT,30438100,0.0110228998635022,-1,0.0188897458437887,5,0.6422,0.6423,-0.3478,0.0155
2026-04-28,AAPL,40018900,-0.005985183611408,-1,0.0167805220888258,61,0.3051,0.6397,0.0768,0.4994
2026-04-29,AAPL,30047900,0.0097926583977011,1,0.014950477228559,55,0.3422,0.5321,0.3051,0.0768
2026-04-29,AMZN,72367900,0.0195744738234189,1,0.0318229069570475,67,0.3218,0.7368,0.245,0.4775
2026-04-29,META,18947500,0.0003139764409087,-1,0.0156074851034557,49,0.1521,0.71,0.4947,-0.1305
2026-04-29,GOOGL,35376300,0.0068187561275295,1,0.0333170781305124,33,0.4876,0.7302,0.0001,0.4993
2026-04-29,BRK-B,3175600,-0.002245791366994,-1,0.0072620240663875,6,0.1425,0.172,0.2757,0.0038
2026-04-29,JPM,8031800,-0.0042502730240808,1,0.0153265902559539,26,-0.1164,0.5125,-0.0706,-0.0458
2026-04-29,MSFT,38288300,-0.0002826207569419,-1,0.0153799024584629,59,0.2668,0.6269,0.6422,-0.3478
2026-04-29,TSLA,45384800,-0.006925962029271,1,0.0169418898640585,58,0.0381,0.4556,-0.1294,0.2125
2026-04-29,UNH,9046600,0.0129507929900957,-1,0.015928925060835,7,0.396,0.3979,0.602,0.6125
2026-04-30,BRK-B,5109300,0.0002957264625616,-1,0.0140666017503681,10,0.012,0.1936,0.1425,0.2757
2026-04-30,UNH,6879900,0.0053458553865498,-1,0.024395511644562,7,0.1587,0.4198,0.396,0.602
2026-04-30,AMZN,100974900,-0.0296885290130356,1,0.0648680321765655,196,0.4171,0.7788,0.3218,0.245
2026-04-30,TSLA,51076000,0.0238229507251844,1,0.0444801785976274,58,0.3076,0.6544,0.0381,-0.1294
2026-04-30,AAPL,91848200,0.0031423515841612,1,0.0290572471407118,128,0.4035,0.6825,0.3422,0.3051
2026-04-30,META,52765000,-0.0119647905639326,-1,0.0336659163911402,226,0.1858,0.759,0.1521,0.4947
2026-04-30,GOOGL,72040000,0.0286844180465128,1,0.0535193643480748,224,0.4211,0.7617,0.4876,0.0001
2026-04-30,JPM,8865400,0.0200605839553889,-1,0.0245220913788116,19,0.078,0.6076,-0.1164,-0.0706
2026-04-30,MSFT,70909400,-0.0073756695243637,1,0.0399454827283475,199,0.3966,0.8067,0.2668,0.6422
2026-05-01,GOOGL,30105200,0.0106385700983874,-1,0.0202028715614847,6,0.0109,0.344,0.4211,0.4876
2026-05-01,AMZN,50825200,0.0100912091605597,1,0.039837403512199,2,0.5001,0.5001,0.4171,0.3218
2026-05-01,AAPL,79915400,0.0045902222051013,-1,0.0317363787147815,11,0.5503,0.7322,0.4035,0.3422
2026-05-01,TSLA,65338300,0.0217783923828684,1,0.0497268425759201,6,0.0347,0.3008,0.3076,0.0381
2026-05-01,UNH,4945400,-0.0085492868825524,1,0.0158081649045381,9,0.6745,0.6748,0.1587,0.396
2026-05-01,META,21404000,-0.0096634115046834,1,0.0207747311336291,8,0.0405,0.4968,0.1858,0.1521
2026-05-01,BRK-B,4818300,-0.0043571122024643,-1,0.0128399559567381,15,-0.2486,0.385,0.012,0.1425
2026-05-01,MSFT,31372400,0.0039729038200941,-1,0.016157904814429,7,0.465,0.9611,0.3966,0.2668
2026-05-04,TSLA,48765100,0.0058427048538221,-1,0.0252159664260508,1,-0.0,0.0,0.0347,0.3076
2026-05-04,UNH,4916900,0.0059693726221666,-1,0.0167683974507491,10,0.1022,0.5128,0.6745,0.1587
2026-05-04,META,16203900,0.0040628527374509,-1,0.0185051155620974,2,-0.0002,0.0002,0.0405,0.1858
2026-05-04,JPM,7338200,-0.0095615261972514,1,0.0133281314659008,2,0.6792,0.6794,0.078,-0.1164
2026-05-04,GOOGL,26298600,-0.0061717315890286,1,0.0196820689308061,2,0.4977,0.4986,0.0109,0.4211
2026-05-04,MSFT,28066500,0.0050541539803622,-1,0.0242504028262389,4,0.5741,0.8519,0.465,0.3966
2026-05-04,BRK-B,6895400,-0.0095342996792244,-1,0.0297655256719457,16,0.2186,0.4403,-0.2486,0.012
2026-05-04,AAPL,46668400,-0.0101194917141709,1,0.0206322658073819,2,0.5285,0.5367,0.5503,0.4035
2026-05-04,AMZN,49083700,0.0120907743586029,1,0.0271578074481513,5,0.412,0.4141,0.5001,0.4171
2026-05-05,UNH,6489000,-0.0178417611561357,1,0.0269649911955538,22,0.0928,0.4271,0.1022,0.6745
2026-05-05,AMZN,41908500,-0.0091640064559139,1,0.0223847905547602,1,0.9994,0.9994,0.412,0.5001
2026-05-05,META,17171300,-0.013614608630507,1,0.0228106345731603,1,-0.2724,0.71,-0.0002,0.0405
2026-05-05,BRK-B,5372700,-0.0064243693540803,1,0.0113546781168323,6,-0.0311,0.6515,0.2186,-0.2486
2026-05-05,AAPL,49311700,0.0261799017504327,1,0.029140965361837,2,0.9816,0.9817,0.5285,0.5503
2026-05-05,JPM,6316800,0.0054921922860375,1,0.0135517647900071,2,-0.0001,0.0001,0.6792,0.078
2026-05-06,MSFT,30285900,0.0146078221938189,1,0.0326226178337545,1,0.7684,0.7711,0.5741,0.465
2026-05-06,AMZN,44552000,0.0076953185283927,-1,0.0204844297622695,1,1.0,1.0,0.9994,0.412
2026-05-06,TSLA,53465400,0.0323107080552184,1,0.0457216923290859,1,-0.0007,0.0007,-0.0,0.0347
2026-05-06,META,19915500,0.0196822516098586,1,0.0363531104980571,2,0.3236,0.3252,-0.2724,-0.0002
2026-05-06,BRK-B,5698900,0.0081971990442047,1,0.0107079035424253,8,0.4039,0.656,-0.0311,0.2186
2026-05-06,UNH,6695500,0.0115119598058877,1,0.028366806994854,6,0.8335,0.8335,0.0928,0.1022
2026-05-06,AAPL,58336100,0.0198283061565033,-1,0.0246878232249454,2,0.5058,0.506,0.9816,0.5285
2026-05-07,AMZN,35892900,-0.0139988936794921,1,0.022325703198731,2,0.5,0.5,1.0,0.9994
2026-05-07,BRK-B,5899500,0.0124024563898966,1,0.0175169438043713,3,0.6665,0.6665,0.4039,-0.0311
2026-05-07,UNH,5235400,0.0084550934488424,1,0.0138828172990647,5,0.4489,0.7959,0.8335,0.0928
2026-05-07,GOOGL,24433500,-0.0048260230259972,1,0.018553743695238,3,0.6656,0.6657,0.4977,0.0109
2026-05-07,JPM,8359600,-0.0266327826008775,-1,0.0322897611365401,1,0.0097,0.0099,-0.0001,0.6792
2026-05-07,MSFT,34942400,0.0015710258863689,-1,0.0219466366955965,3,0.0521,0.5358,0.7684,0.5741
2026-05-07,META,12307400,0.0033999657650264,-1,0.0186101037653308,1,1.0,1.0,0.3236,-0.2724
2026-05-07,AAPL,45224300,-0.0063262233960231,1,0.021951831661374,1,1.0,1.0,0.5058,0.9816
2026-05-07,TSLA,64294200,0.0105771999665975,1,0.033645801230574,2,-0.503,0.5086,-0.0007,-0.0
2026-05-08,AAPL,52692800,0.0114133907352672,-1,0.0164132602508163,3,0.3624,0.3636,1.0,0.5058
2026-05-08,JPM,9464300,-0.0199513183989761,-1,0.027542547394566,2,0.9999,0.9999,0.0097,-0.0001
2026-05-08,BRK-B,5225600,0.002295453983111,1,0.009266071053867,6,0.461,0.5388,0.6665,0.4039
2026-05-08,AMZN,34732700,0.003865507396437,-1,0.0149099426431774,3,0.6654,0.666,0.5,1.0
2026-05-08,GOOGL,21461800,0.0095717576649085,-1,0.0142065860162152,1,-0.9822,0.9822,0.6656,0.4977
2026-05-08,UNH,6455100,0.0214791283682631,1,0.0214791283682631,1,0.0459,0.0459,0.4489,0.8335
2026-05-11,JPM,9512000,-0.0069513606788741,1,0.014266790703463,2,0.0002,0.0003,0.9999,0.0097
2026-05-11,UNH,6949600,0.0104875544916628,1,0.0229727689681841,7,0.8347,0.8355,0.0459,0.4489
2026-05-11,GOOGL,30753700,-0.0127269892689602,-1,0.0227867429436868,2,0.5,0.5,-0.9822,0.6656
2026-05-11,BRK-B,4290700,0.0066120779530673,1,0.0094458439497331,3,0.5865,0.5867,0.461,0.6665
2026-05-11,AAPL,42247300,0.0023973616792755,1,0.0125008348487777,3,0.4253,0.9183,0.3624,1.0
2026-05-12,GOOGL,26017500,2.5842323849002727e-05,1,0.0148448392997454,1,1.0,1.0,0.5,-0.9822
2026-05-12,MSFT,38594200,-0.0161890122437715,-1,0.0213761462958819,1,-0.9998,0.9998,0.0521,0.7684
2026-05-12,AAPL,45748100,0.0076565157679371,1,0.0092630280205528,2,-0.2953,0.6008,0.4253,0.3624
2026-05-12,JPM,9498200,0.0161989735587889,-1,0.0350310317661735,4,0.134,0.4515,0.0002,0.9999
2026-05-12,UNH,9236300,0.0353663532168285,1,0.0402507598705452,10,0.2342,0.4332,0.8347,0.0459
2026-05-12,BRK-B,5622300,0.0068094976523233,1,0.0218402667563795,4,-0.2145,0.2161,0.5865,0.461
2026-05-13,BRK-B,4432500,0.0063216112613259,-1,0.013120022123299,2,-0.0003,0.0003,-0.2145,0.5865
2026-05-13,MSFT,29667100,0.0049850674285565,1,0.0130952346712374,3,-0.0099,0.677,-0.9998,0.0521
2026-05-13,UNH,8454100,0.011752846562697,-1,0.0281210438751181,15,0.0777,0.5923,0.2342,0.8347
2026-05-13,GOOGL,28144600,0.0441389749592037,-1,0.0484958815120225,3,0.0034,0.6655,1.0,0.5
2026-05-13,META,14634400,0.0297246084614662,1,0.0388090954132055,2,0.9967,0.9968,1.0,0.3236
2026-05-13,JPM,7709500,-0.0066827309593759,-1,0.0096932966628348,3,0.095,0.1012,0.134,0.0002
2026-05-13,AAPL,52684300,0.0182964058507239,-1,0.0252811360399807,2,0.9998,1.0,-0.2953,0.4253
2026-05-13,TSLA,68283200,0.0196944496335577,-1,0.0531064687940703,2,0.4704,0.4743,-0.503,-0.0007
2026-05-14,JPM,7364300,-0.0077419233677108,-1,0.0163440940989454,1,-0.9999,0.9999,0.095,0.134
2026-05-14,UNH,5342500,-0.0047631014017689,-1,0.0147132017368688,19,0.5801,0.5813,0.0777,0.2342
2026-05-14,MSFT,27077500,0.012237889524831,1,0.0270964971256605,1,1.0,1.0,-0.0099,-0.9998
2026-05-14,AAPL,35324900,-0.0053699413975385,1,0.0169101701032785,3,0.6665,0.6668,0.9998,-0.2953
2026-05-14,BRK-B,3375100,-0.0062410357356387,-1,0.0114966249914715,4,-0.0264,0.1453,-0.0003,-0.2145
2026-05-14,GOOGL,21136700,0.0095398926615164,-1,0.0178463460523452,1,-0.1116,0.9979,0.0034,1.0
2026-05-14,AMZN,31338400,-0.0071706955955701,-1,0.0154188890603522,3,0.3333,0.3333,0.6654,0.5
2026-05-15,MSFT,50771200,0.0184662771065707,1,0.0368359045316251,3,0.3333,0.3334,1.0,-0.0099
2026-05-15,TSLA,52688700,-0.0270519850102565,-1,0.0291718589373191,1,-0.439,0.4393,0.4704,-0.503
2026-05-15,UNH,9811200,-0.0011412165949378,-1,0.0187167261255088,14,0.1585,0.1588,0.5801,0.0777
2026-05-15,BRK-B,4680300,-0.008218614957212,1,0.0134373903088415,4,0.226,0.2307,-0.0264,-0.0003
2026-05-15,GOOGL,20309700,0.0011606566576937,1,0.0160476780167641,2,0.5,0.5003,-0.1116,0.0034
2026-05-18,GOOGL,26837200,0.0031590386218693,-1,0.0355833771017517,3,0.6666,0.6667,0.5,-0.1116
2026-05-18,AAPL,34483000,-0.007993585047118,1,0.0191513462131123,2,-0.3256,0.3322,0.6665,0.9998
2026-05-18,JPM,7546300,0.0091611106923763,-1,0.0135570756541003,3,0.4475,0.4485,-0.9999,0.095
2026-05-18,AMZN,33690800,0.0037518105608609,-1,0.0239512162851709,1,0.9952,0.9952,0.3333,0.6654
2026-05-18,META,13772400,0.0034477133384731,-1,0.0195367416398437,2,-0.0,0.0,0.9967,1.0
2026-05-18,UNH,8400700,0.0028974484174679,-1,0.0221538837139422,49,-0.1388,0.5397,0.1585,0.5801
2026-05-18,BRK-B,5030700,0.0150686923002564,-1,0.0173757306065305,23,0.054,0.2145,0.226,-0.0264
2026-05-18,MSFT,32564100,0.0166098927291953,-1,0.0228265802819906,2,0.177,0.1776,0.3333,1.0
2026-05-19,AAPL,42243600,0.0067346869777383,1,0.0140081612452757,1,0.0009,0.0016,-0.3256,0.6665
2026-05-19,META,11749900,-0.0103626054911796,1,0.0219733384653705,1,-0.0012,0.0013,-0.0,0.9967
2026-05-19,BRK-B,5599900,-0.0134291756569237,1,0.0164682125898357,13,0.0753,0.2323,0.054,0.226
2026-05-19,AMZN,40340700,-0.0103038166653409,1,0.0269424413386227,3,-0.3332,0.3332,0.9952,0.3333
2026-05-19,GOOGL,39545700,-0.0234280229573744,1,0.0278113885090891,3,0.0064,0.0093,0.6666,0.5
2026-05-19,TSLA,46500600,0.0023563391229882,1,0.0297648573543948,2,0.3229,0.6849,-0.439,0.4704
2026-05-19,UNH,5016800,-0.001948742988782,-1,0.0191794370993589,10,0.0109,0.4149,-0.1388,0.1585
2026-05-19,JPM,8066900,-0.0179015716112022,1,0.0216878636245646,3,0.6667,0.6667,0.4475,-0.9999
2026-05-20,MSFT,27864000,0.0166356421456899,-1,0.0260762922481138,2,0.4929,0.493,0.177,0.3333
2026-05-20,AAPL,38229800,0.0136494983707514,1,0.0158293692958646,1,1.0,1.0,0.0009,-0.3256
2026-05-20,TSLA,45294700,0.0236997142233999,1,0.0271589220826195,4,-0.0002,0.001,0.3229,-0.439
2026-05-20,UNH,7783900,-0.0160441540132242,-1,0.0325503608602865,6,0.7141,0.9528,0.0109,-0.1388
2026-05-20,JPM,9327000,0.0177957484397155,1,0.0312099051805413,14,0.5387,0.5529,0.6667,0.4475
2026-05-20,GOOGL,31744400,0.0031209476837262,-1,0.0282692574413063,2,0.4879,0.4978,0.0064,0.6666
2026-05-20,META,11329700,0.007157579937197,1,0.0169618521135947,2,0.5036,0.5037,-0.0012,-0.0
2026-05-21,META,13476100,0.0123000081380207,1,0.0246499633789063,2,-0.4967,0.503,0.5036,-0.0012
2026-05-21,UNH,4732500,0.0035684715747396,1,0.0146147588108777,6,0.3239,0.6664,0.7141,0.0109
2026-05-21,AMZN,36591700,0.0188234969832186,-1,0.0308159207483396,1,0.9999,0.9999,-0.3332,0.9952
2026-05-21,AAPL,42965100,0.013053852081482,1,0.0170730574972423,2,0.5,0.5,1.0,0.0009
2026-05-21,BRK-B,3294000,-2.079053365675859e-05,1,0.0104168838970132,6,0.3962,0.407,0.0753,0.054
2026-05-21,MSFT,31393500,-0.0133254942015524,-1,0.025026497664067,1,1.0,1.0,0.4929,0.177
2026-05-21,TSLA,42636900,-0.0102562571589954,1,0.0332796877026259,1,-0.0152,0.0153,-0.0002,0.3229
2026-05-21,JPM,7874400,0.0058758720881639,1,0.0125154180983018,37,0.0888,0.5048,0.5387,0.6667
2026-05-22,AMZN,27535500,-0.0087098797960027,-1,0.0132137953627503,4,0.0121,0.5287,0.9999,-0.3332
2026-05-22,TSLA,46104700,0.0079021369668602,1,0.0260250305215482,1,0.9998,0.9998,-0.0152,-0.0002
2026-05-22,GOOGL,20442100,-0.0113076153705855,1,0.0179940650855196,3,-0.0013,0.0088,0.4879,0.0064
2026-05-22,BRK-B,4338200,0.0140310874011614,-1,0.0160533979047502,4,-0.0358,0.4638,0.3962,0.0753
2026-05-22,META,11688600,0.0039152544312939,1,0.0129301593874233,1,-0.8406,0.8576,-0.4967,0.5036
2026-05-22,UNH,5598600,0.0171501559559097,-1,0.0249528656374015,13,0.6036,0.6192,0.3239,0.7141
2026-05-22,JPM,5973900,0.0055796647233095,1,0.011848549152954,28,0.0708,0.3746,0.0888,0.5387
2026-05-22,MSFT,22390300,-0.0023120589239328,-1,0.0192353700716353,2,-1.0,1.0,1.0,0.4929
2026-05-26,META,12234200,0.0056660679663522,1,0.0150601630664789,27,0.3345,0.6575,-0.8406,-0.4967
2026-05-26,UNH,6498100,-0.0236787944260039,1,0.0261916718952399,17,0.2628,0.414,0.6036,0.3239
2026-05-26,AMZN,38028100,-0.0098902510723977,1,0.0269835799166683,2,0.4994,0.4994,0.0121,0.9999
2026-05-26,AAPL,48000500,-0.0039734170953251,1,0.0134061052113133,75,0.2464,0.6014,0.5,1.0
2026-05-26,JPM,7725400,-0.0056727934629918,-1,0.0145547355716914,24,0.4121,0.5241,0.0708,0.0888
2026-05-26,MSFT,30398000,-0.0009605309500264,-1,0.0162092071145684,1,-0.9979,0.9997,-1.0,1.0
2026-05-26,TSLA,45658900,0.0077394749609185,1,0.0211035580434025,43,0.263,0.5179,0.9998,-0.0152
2026-05-26,BRK-B,4348600,-0.0038723066587281,-1,0.0094129913990087,5,0.396,0.4031,-0.0358,0.3962
2026-05-27,META,23143600,0.0424351564088412,1,0.0484082684905768,64,0.3633,0.5364,0.3345,-0.8406
2026-05-27,BRK-B,4152500,-0.0056974743064533,-1,0.0149792006654471,7,0.0312,0.5022,0.396,-0.0358
2026-05-27,TSLA,44656500,-0.0057125453570754,1,0.0227596395413095,63,0.4369,0.695,0.263,0.9998
2026-05-27,GOOGL,23087300,0.0055860890928252,1,0.0206377808188106,14,0.2051,0.6436,-0.0013,0.4879
2026-05-27,AMZN,40061900,0.0214165408143807,1,0.0252113154572826,6,0.6667,0.6667,0.4994,0.0121
2026-05-27,UNH,4544000,0.0147451766451936,-1,0.0196601817651922,12,0.3695,0.4557,0.2628,0.6036
2026-05-27,JPM,11779200,-0.018754102362961,-1,0.0332786685130635,53,0.0307,0.419,0.4121,0.0708
2026-05-27,MSFT,28901500,0.0040388399860527,1,0.015474114298986,1,0.0078,0.0134,-0.9979,-1.0
2026-05-27,AAPL,50430900,0.0081731250316106,1,0.0160867323603432,50,0.2811,0.7368,0.2464,0.5
2026-05-28,BRK-B,4120000,-0.0040470043038852,-1,0.0100342074966188,4,0.0212,0.5123,0.0312,0.396
2026-05-28,TSLA,32435000,0.0102372173034014,-1,0.0175037789579475,52,-0.0369,0.4961,0.4369,0.263
2026-05-28,GOOGL,24357500,0.0054897033062177,-1,0.0172937924099951,93,0.2093,0.4948,0.2051,-0.0013
2026-05-28,AMZN,40630400,0.0063540274585358,-1,0.0259301349523293,106,0.3512,0.5668,0.6667,0.4994
2026-05-28,MSFT,47250500,0.0339241098245567,1,0.0407283073252605,97,0.3496,0.7057,0.0078,-0.9979
2026-05-28,UNH,4330800,-0.0063123252538434,-1,0.0215607296726456,15,0.3999,0.4411,0.3695,0.2628
2026-05-28,META,16772400,-0.0065833025373827,-1,0.0214073533094703,66,0.2632,0.5743,0.3633,0.3345
2026-05-28,JPM,9757700,-0.0028228528319906,1,0.0178781704919015,26,0.4981,0.5594,0.0307,0.4121
2026-05-28,AAPL,48220400,0.0058903602838484,-1,0.0103964868832758,48,0.2088,0.5904,0.2811,0.2464
2026-05-29,META,19806500,-0.0015627312302683,-1,0.0176006699511641,51,0.1136,0.4442,0.2632,0.3633
2026-05-29,MSFT,79654400,0.0408970129248348,1,0.0415443341297797,100,0.427,0.6413,0.3496,0.0078
2026-05-29,UNH,10257900,-0.0090416416481845,-1,0.0251966828415078,15,-0.2006,0.3714,0.3999,0.3695
2026-05-29,TSLA,45176800,-0.0092304137825526,-1,0.0293963680717519,59,0.1612,0.607,-0.0369,0.4369
2026-05-29,JPM,13969000,0.0098178263226471,-1,0.0157894492987598,32,0.1128,0.4187,0.4981,0.0307
2026-05-29,BRK-B,7902300,-0.0050952856034089,-1,0.0105261359432642,2,0.1541,0.1558,0.0212,0.0312
2026-05-29,GOOGL,44415800,-0.0127193282647091,-1,0.0175994158217374,91,0.2352,0.6127,0.2093,0.2051
2026-05-29,AMZN,54749600,-0.0023959374691705,-1,0.0188358774396822,83,0.2337,0.6529,0.3512,0.6667
2026-05-29,AAPL,70026800,0.00089806523957,-1,0.0175444263330541,33,0.3971,0.6797,0.2088,0.2811
2026-06-01,MSFT,53628900,-0.0092935361807346,-1,0.0173178262928461,3,-0.0284,0.0302,0.427,0.3496
2026-06-01,JPM,7930000,-0.0037287643523034,1,0.0143773682159151,3,0.2758,0.9828,0.1128,0.4981
2026-06-01,GOOGL,28672100,-0.0003983690132289,-1,0.0133857662062634,2,-0.0529,0.4687,0.2352,0.2093
2026-06-01,AMZN,53604400,-0.018889175777875,-1,0.0222689266795411,3,-0.0283,0.328,0.2337,0.3512
2026-06-01,TSLA,44937900,-0.0271584963783531,1,0.03314700636608,2,0.4657,0.9497,0.1612,-0.0369
2026-06-01,UNH,6623700,0.0099704877457448,-1,0.0197548402466269,12,0.5644,0.9306,-0.2006,0.3999
2026-06-01,META,29138800,-0.0474778752408148,-1,0.0574555350577442,1,-0.0372,0.0379,0.1136,0.2632
2026-06-01,AAPL,48849900,-0.0107224986980033,1,0.0191196374200718,1,0.0136,0.0143,0.3971,0.2088
2026-06-01,BRK-B,6203600,-0.0058344346670922,1,0.0114787513655656,12,-0.0121,0.215,0.1541,0.0212
2026-06-02,UNH,3874400,-0.0001587320938935,-1,0.0141806053118411,9,0.416,0.862,0.5644,-0.2006
2026-06-02,BRK-B,4704700,0.0032127867353723,1,0.0120638583568816,16,0.1765,0.2642,-0.0121,0.1541
2026-06-03,JPM,7003900,0.003100802327769,1,0.0180047801237696,2,0.0052,0.0072,0.2758,0.1128
2026-06-03,BRK-B,6586300,0.0095138574388643,1,0.0216186208224898,9,0.3055,0.3129,0.1765,-0.0121
2026-06-03,UNH,6808400,-0.0078947368421052,1,0.0280262997275903,12,0.1189,0.3918,0.416,0.5644
2026-06-03,AMZN,51394200,-0.018374529767789,1,0.0368276000644379,1,-0.0,0.0,-0.0283,0.2337
2026-06-03,META,23020100,0.0331342959680762,1,0.0396019981472843,1,0.0478,0.0478,-0.0372,0.1136
2026-06-04,JPM,10345200,0.0168444579661121,1,0.0277032821719206,3,0.3572,0.359,0.0052,0.2758
2026-06-04,BRK-B,5276000,-0.006166945978121,1,0.0172134726741263,7,-0.1601,0.4437,0.3055,0.1765
2026-06-04,UNH,12666100,0.0165897467197516,1,0.0296410193810095,53,0.4866,0.776,0.1189,0.416
2026-06-05,JPM,9118800,-0.0061090501623755,-1,0.0171815640003475,3,0.0002,0.6666,0.3572,0.0052
2026-06-05,UNH,10897300,-0.0001752198095847,1,0.0171196781088359,23,0.4541,0.6396,0.4866,0.1189
2026-06-05,META,30091600,-0.0488564156467952,-1,0.0741668264842797,2,-0.0008,0.0008,0.0478,-0.0372
2026-06-05,AMZN,55607800,-0.032368425648329,-1,0.0416896339672918,1,-0.0001,0.0002,-0.0,-0.0283
2026-06-05,AAPL,65310500,-0.0176436401972883,-1,0.0256345327199252,1,-0.0,0.0,0.0136,0.3971
2026-06-05,TSLA,63420200,-0.070154577883472,1,0.0858263884373143,1,0.014,0.034,0.4657,0.1612
2026-06-05,BRK-B,8475800,0.0148444142152695,-1,0.0242208655752017,10,0.0848,0.087,-0.1601,0.3055
2026-06-08,BRK-B,5188400,0.0017896346830046,1,0.0120132398313871,6,0.167,0.172,0.0848,-0.1601
2026-06-08,TSLA,50328800,0.0318422175014116,-1,0.0459717958216643,1,0.0,0.0,0.014,0.4657
2026-06-08,UNH,6963200,0.0237705595783222,1,0.0345478836955461,7,0.6853,0.6854,0.4541,0.4866
2026-06-09,BRK-B,4912200,0.0027341225343115,-1,0.012725109798411,6,0.1665,0.1674,0.167,0.0848
2026-06-09,AAPL,70108800,-0.032403127167586,1,0.043193024088947,3,-0.4038,0.4819,-0.0,0.0136
2026-06-09,TSLA,59940200,-0.0349123084595605,-1,0.0833516041830828,1,-0.3248,0.3248,0.0,0.014
2026-06-09,UNH,8590400,0.0073416664731358,-1,0.0135613007415505,9,0.6515,0.6535,0.6853,0.4541
2026-06-09,JPM,11594600,-0.0025836417765394,-1,0.0236356206541823,2,0.0002,0.0003,0.0002,0.3572
2026-06-09,AMZN,44425400,-0.0142897240834178,-1,0.0404876234298576,1,-0.3248,0.3248,-0.0001,-0.0
2026-06-10,AAPL,52793300,0.0028891668367101,1,0.0253490932267223,5,0.2747,0.2995,-0.4038,-0.0
2026-06-10,UNH,6512900,-0.0146070339659537,-1,0.0276421358968787,11,0.2679,0.2778,0.6515,0.6853
2026-06-10,TSLA,49695600,-0.0254125044436925,1,0.0432650612241653,1,-0.8818,0.9577,-0.3248,0.0
2026-06-10,JPM,7446200,-0.0109418445638269,1,0.0183004903550743,1,-0.0016,0.0025,0.0002,0.0002
2026-06-10,BRK-B,5062700,-0.009116448820022,1,0.0147296875207096,8,0.0383,0.4605,0.1665,0.167
2026-06-10,GOOGL,32357100,-0.0187505094105458,1,0.0367851131962749,1,0.2827,0.8905,-0.0529,0.2352
2026-06-11,TSLA,45324300,0.0279952486642664,1,0.0486247165503472,1,0.0,0.0,-0.8818,-0.3248
2026-06-11,JPM,9116600,0.0126954151271995,1,0.0188654748157026,3,0.3288,0.3383,-0.0016,0.0002
2026-06-11,UNH,4938100,-0.0077316525853924,1,0.0168090474380309,10,0.166,0.6536,0.2679,0.6515
2026-06-11,GOOGL,35538200,0.0051695456290661,1,0.0349507001303425,3,0.0004,0.6664,0.2827,-0.0529
2026-06-11,AAPL,42572500,0.006502804215482,-1,0.0252281207657405,3,0.3296,0.3333,0.2747,-0.4038
2026-06-11,BRK-B,5664300,0.0060263494712637,1,0.011203619133955,4,0.4998,0.4998,0.0383,0.1665
2026-06-12,META,14326400,-0.0104198125684375,1,0.0264769745823388,1,-0.1599,0.1607,-0.0008,0.0478
2026-06-12,UNH,7269600,-0.0011980654268924,1,0.0124202757109899,4,0.4817,0.4863,0.166,0.2679
2026-06-12,BRK-B,4591300,0.0053013058151953,1,0.0112601564048567,4,0.172,0.175,0.4998,0.0383
2026-06-12,JPM,7426200,0.0150330727019942,-1,0.0181979301129404,1,-0.0001,0.0001,0.3288,-0.0016
2026-06-12,AAPL,38742100,-0.0165523558986923,1,0.0254028968761928,5,0.1105,0.5121,0.3296,0.2747
2026-06-12,GOOGL,24704600,-0.0081076677541075,1,0.0320721555331059,1,1.0,1.0,0.0004,0.2827
2026-06-15,AMZN,41711600,0.0040812994145898,-1,0.0125704096700191,4,0.1101,0.1236,-0.3248,-0.0001
2026-06-15,JPM,7988900,-0.0139541224496101,1,0.0218573005567725,2,0.4905,0.5094,-0.0001,0.3288
2026-06-15,UNH,6777900,0.0106712471296444,-1,0.0356774264325289,10,0.3365,0.3442,0.4817,0.166
2026-06-15,META,17653300,0.0234177538937144,1,0.0378858955222152,11,0.3147,0.3334,-0.1599,-0.0008
2026-06-15,MSFT,32266400,0.0074597330234814,-1,0.0224294207920388,3,0.9992,0.9993,-0.0284,0.427
2026-06-15,GOOGL,27727500,0.0038594663550184,1,0.017503336421614,1,0.3932,0.5668,1.0,0.0004
2026-06-15,TSLA,45620500,-0.0029585111311418,-1,0.0215825448065278,6,0.1039,0.2296,0.0,-0.8818
2026-06-15,BRK-B,6253600,0.0163261783061304,-1,0.019587307902185,5,-0.2223,0.3336,0.172,0.4998
2026-06-15,AAPL,45732600,0.0078199998256849,1,0.0206717893145725,7,0.2592,0.3098,0.1105,0.3296
2026-06-16,MSFT,31506800,-0.0049521764833378,-1,0.0155385274102652,2,-0.4999,0.5006,0.9992,-0.0284
2026-06-16,UNH,4815100,-0.0073780043667453,-1,0.012686255839084,3,-0.3432,0.3446,0.3365,0.4817
2026-06-16,JPM,11094900,0.0210916654731278,1,0.0238359891375108,5,0.1919,0.1954,0.4905,-0.0001
2026-06-16,AMZN,35187400,-0.0080645161290322,-1,0.0163709578975555,5,0.1988,0.2087,0.1101,-0.3248
2026-06-16,GOOGL,24876100,0.0098755244486173,-1,0.024188317894406,2,0.0104,0.9896,0.3932,1.0
2026-06-16,AAPL,39874400,0.0135139381350549,-1,0.0220491439987299,7,0.0105,0.5752,0.2592,0.1105
2026-06-16,META,11344400,0.0110502775858023,-1,0.0232628602554583,3,0.6259,0.6262,0.3147,-0.1599
2026-06-16,TSLA,40255500,0.0013610609252042,-1,0.0293979493540039,4,0.0312,0.2859,0.1039,0.0
2026-06-16,BRK-B,4345900,-0.0041247239295145,-1,0.0148088850485725,6,0.331,0.3359,-0.2223,0.172
2026-06-17,MSFT,41987800,-0.0290582865801169,1,0.0334400712183695,7,-0.1344,0.9898,-0.4999,0.9992
2026-06-17,TSLA,43534300,-0.0128259256148756,1,0.0303339544064205,1,0.999,0.9995,0.0312,0.1039
2026-06-17,BRK-B,5412000,-0.0039737075133481,-1,0.0139283011377951,2,1.0,1.0,0.331,-0.2223
2026-06-17,META,20478300,-0.0412499711320206,1,0.0466553971574113,6,-0.0366,0.676,0.6259,0.3147
2026-06-17,JPM,12246400,0.0038533289406933,-1,0.0188752759104055,3,-0.2644,0.4716,0.1919,0.4905
2026-06-17,UNH,5838800,-0.0234405466668616,1,0.0307245000836935,8,-0.0934,0.5935,-0.3432,0.3365
2026-06-17,GOOGL,24543600,-0.0144664380225224,1,0.0279305323929623,2,0.5694,0.5837,0.0104,0.3932
2026-06-17,AAPL,42745100,-0.0162871656874702,1,0.0256274615796531,5,0.2211,0.2315,0.0105,0.2592
2026-06-17,AMZN,44780800,-0.0302163906937957,1,0.0404655120828551,4,0.484,0.4897,0.1988,0.1101
2026-06-18,AAPL,85962200,-0.0003353647675356,-1,0.0166046508009239,1,1.0,1.0,0.2211,0.0105
2026-06-18,TSLA,58384700,0.0060034767501056,1,0.0447625635102526,3,0.3425,0.3619,0.999,0.0312
2026-06-18,META,28824600,0.0076812320146769,-1,0.0298872157017684,2,0.249,0.3376,-0.0366,0.6259
2026-06-18,AMZN,75624400,0.0177827934336622,-1,0.0404380795124508,8,0.1357,0.6202,0.484,0.1988
2026-06-18,MSFT,59714200,0.0041818499328696,-1,0.0214123026336939,2,0.0,1.0,-0.1344,-0.4999
2026-06-18,JPM,20111000,-0.0348123180334563,1,0.0413414220837667,5,0.1029,0.2973,-0.2644,0.1919
2026-06-18,GOOGL,44470100,0.006233762896232,-1,0.0295557007753759,4,0.4519,0.4537,0.5694,0.0104
2026-06-18,BRK-B,8882300,-0.0066768311413939,-1,0.0158295653182078,1,-0.0021,0.0022,1.0,0.331
2026-06-18,UNH,11896900,-0.004493873942858,1,0.0175038322190078,7,-0.2881,0.5747,-0.0934,-0.3432
2026-06-22,BRK-B,6076300,-0.0001227571531329,1,0.0104757557744565,5,0.2337,0.2423,-0.0021,1.0
2026-06-22,META,15405500,-0.0142827937246104,-1,0.0279710490082347,2,0.5,0.5,0.249,-0.0366
2026-06-22,AMZN,68388500,-0.0303649137342638,1,0.0406530924375119,11,0.0166,0.4357,0.1357,0.484
2026-06-22,JPM,10182500,0.0053988435347072,1,0.0182589893563354,25,0.2698,0.6157,0.1029,-0.2644
2026-06-22,AAPL,44879900,-0.0010090067452563,-1,0.0190373808771563,2,-0.4998,0.4999,1.0,0.2211
2026-06-22,TSLA,47819500,0.0258325478834589,-1,0.0515385736075703,4,-0.5003,0.5022,0.3425,0.999
2026-06-22,GOOGL,52814800,-0.0231038392211781,-1,0.0480514362912861,8,-0.4938,0.4977,0.4519,0.5694
2026-06-22,UNH,5818600,0.0112895455860385,1,0.0182025576664882,9,0.7777,0.7777,-0.2881,-0.0934
2026-06-22,MSFT,45171100,-0.0223558687251913,1,0.0387501941156479,6,-0.0291,0.3701,0.0,-0.1344
2026-06-23,AAPL,52010900,-0.0108893616283671,-1,0.0250723323197389,2,0.5,0.5,-0.4998,1.0
2026-06-23,GOOGL,34007700,0.0159676022261376,-1,0.0266811361435649,6,0.1954,0.5304,-0.4938,0.4519
2026-06-23,AMZN,60492600,0.0067082242017711,1,0.0209417116890065,2,0.9967,0.9997,0.0166,0.1357
2026-06-23,BRK-B,4428100,0.003849882015734,1,0.0088405365827064,4,0.2504,0.2508,0.2337,-0.0021
2026-06-23,MSFT,40647600,0.0041892624151092,-1,0.0175895260408251,9,0.1705,0.6999,-0.0291,0.0
2026-06-23,TSLA,50420200,-0.0280176266789293,-1,0.0351748505485095,7,-0.5075,0.767,-0.5003,0.3425
2026-06-23,JPM,7582200,0.0141743206071318,-1,0.0247670611341734,25,-0.0691,0.4701,0.2698,0.1029
2026-06-23,META,13103300,-8.890670158959537e-05,-1,0.0198843800369608,4,0.2484,0.2516,0.5,0.249
2026-06-23,UNH,6675900,-0.0006592816490402,-1,0.017239689753845,8,0.2457,0.5591,0.7777,-0.2881
2026-06-24,MSFT,44509900,-0.0164437811144677,-1,0.0379471050557976,7,0.1813,0.4053,0.1705,-0.0291
2026-06-24,JPM,7907400,0.0011409159469666,1,0.0142913191249653,42,0.2608,0.5871,-0.0691,0.2698
2026-06-24,UNH,6858800,-0.011545819294819,1,0.0327129936090303,15,0.2546,0.2787,0.2457,0.7777
2026-06-24,BRK-B,4707800,0.0036917733833774,-1,0.0141990712563394,6,-0.1671,0.1673,0.2504,0.2337
2026-06-24,TSLA,37081400,-0.0119711322714005,-1,0.0303357166560638,3,-0.1256,0.8462,-0.5075,-0.5003
2026-06-24,AAPL,53081900,-0.0077193895326851,-1,0.0228873581422298,3,0.6666,0.6667,0.5,-0.4998
2026-06-24,AMZN,70282600,0.0017960152148099,-1,0.0404960486360267,4,0.4993,0.5004,0.9967,0.0166
2026-06-24,META,13963600,-0.0075104230868413,-1,0.0240082398382099,5,0.4008,0.4017,0.2484,0.5
2026-06-24,GOOGL,44997300,-0.0107437540344816,-1,0.0330908148859398,7,-0.1428,0.1437,0.1954,-0.4938
2026-06-25,UNH,6014400,0.0218369728663342,1,0.0268781331361917,11,0.6241,0.6273,0.2546,0.2457
2026-06-25,MSFT,66179000,-0.0274002887295939,1,0.0414312077472605,12,-0.1139,0.5438,0.1813,0.1705
2026-06-25,JPM,10043100,0.0004776799205611,-1,0.0259434041768886,52,0.174,0.4503,0.2608,-0.0691
2026-06-25,META,16968600,-0.0228242155600704,1,0.0290883530461163,56,0.191,0.5925,0.4008,0.2484
2026-06-25,AAPL,107013700,-0.0426235221299697,1,0.0523659989999493,9,-0.5071,0.5119,0.6666,0.5
2026-06-25,BRK-B,7054100,-0.0106878988342381,1,0.0192666509667953,5,-0.3373,0.4608,-0.1671,0.2504
2026-06-25,GOOGL,44491400,0.0207287151160203,-1,0.0288955859854237,7,0.5698,0.5701,-0.1428,0.1954
2026-06-25,TSLA,30138800,-0.0003996959545808,1,0.0210514939317371,43,0.2127,0.6573,-0.1256,-0.5075
2026-06-25,AMZN,77674100,-0.021593007815575,1,0.0291785369700749,9,0.0626,0.5019,0.4993,0.9967
2026-06-26,BRK-B,7250800,0.017175288828863,-1,0.0191334959808727,6,0.0061,0.3846,-0.3373,-0.1671
2026-06-26,AMZN,248372100,0.024118637232559,1,0.0341973891293304,10,-0.1661,0.4232,0.0626,0.4993
2026-06-26,UNH,10588200,0.0281863006610601,-1,0.0282823647397607,10,0.2807,0.5215,0.6241,0.2546
2026-06-26,TSLA,53434100,0.0258273611136875,1,0.0518708145509861,52,0.0948,0.5282,0.2127,-0.1256
2026-06-26,AAPL,261775500,0.0319272682883523,-1,0.0426909845525569,68,-0.086,0.6219,-0.5071,0.6666
2026-06-26,META,18867700,0.0127175853112131,1,0.0302756107755903,53,0.0644,0.4917,0.191,0.4008
2026-06-26,MSFT,186201600,0.0442951353621022,-1,0.0593027944497738,28,-0.0133,0.5824,-0.1139,0.1813
2026-06-26,GOOGL,114706300,-0.0150634165184961,1,0.0471755180861312,2,-0.4566,0.5442,0.5698,-0.1428
2026-06-26,JPM,17640900,-0.020684560139974,1,0.0264880770728702,37,0.0856,0.5215,0.174,0.2608
2026-06-29,TSLA,57645800,0.078708156631692,1,0.0889756160727451,74,0.3543,0.5964,0.0948,0.2127
2026-06-29,AMZN,77619200,0.0252753741699751,-1,0.0679276047271366,105,0.3556,0.6203,-0.1661,0.0626
2026-06-29,UNH,5167400,-0.0157315815400598,-1,0.0255316500119666,13,0.2279,0.3907,0.2807,0.6241
2026-06-29,META,15011400,0.0046428135463169,1,0.0230357578822544,67,0.2943,0.6295,0.0644,0.191
2026-06-29,AAPL,66427000,-0.0174032035739399,1,0.0297143259764256,76,0.1846,0.7298,-0.086,-0.5071
2026-06-29,MSFT,51229900,-0.0236556097371689,1,0.0545695525920943,103,0.2226,0.6452,-0.0133,-0.1139
2026-06-29,GOOGL,34213900,0.0345786144824363,1,0.0400198730747958,122,0.3205,0.6428,-0.4566,0.5698
2026-06-29,BRK-B,5200700,-0.0035959109548104,1,0.0100845515729527,4,0.0929,0.0936,0.0061,-0.3373
2026-06-29,JPM,7981800,0.0033813082529189,-1,0.0158096821637174,30,0.1698,0.6383,0.0856,0.174
2026-06-30,JPM,8080100,-0.0047433123740149,1,0.0114324229929699,34,0.0756,0.6196,0.1698,0.0856
2026-06-30,GOOGL,35237200,0.0098906379413178,1,0.0232288731289042,119,0.2073,0.6934,0.3205,-0.4566
2026-06-30,MSFT,44945700,0.0053634213969818,1,0.0180577896975887,88,0.1198,0.6898,0.2226,-0.0133
2026-06-30,UNH,5779800,-0.0167723228553572,1,0.0224498254328407,12,0.4852,0.6519,0.2279,0.2807
2026-06-30,AMZN,66228300,0.0041710141517469,1,0.0184116073512195,91,0.1765,0.5974,0.3556,-0.1661
2026-06-30,AAPL,65100200,0.0291281841330959,1,0.0328626446388452,92,0.067,0.644,0.1846,-0.086
2026-06-30,META,18111100,0.0041893528286618,1,0.0251541792172976,43,0.0708,0.7202,0.2943,0.0644
2026-06-30,BRK-B,5910500,0.0078348734107502,-1,0.0116615871648413,9,-0.1041,0.3291,0.0929,0.0061
2026-06-30,TSLA,43385600,0.0359606061662946,1,0.0456650456771474,68,0.1442,0.5853,0.3543,0.0948
2026-07-01,GOOGL,26736400,0.007924760377782,-1,0.0182493195134355,8,0.0187,0.2562,0.2073,0.3205
2026-07-01,UNH,4985900,0.0226080015452309,-1,0.034259496365927,6,0.0547,0.3114,0.4852,0.2279
2026-07-01,AAPL,50164200,0.0032033888821751,1,0.0251839697020689,5,0.2824,0.3355,0.067,0.1846
2026-07-01,BRK-B,4101300,-0.0041647498033473,1,0.0094653570474031,2,0.0024,0.0025,-0.1041,0.0929
2026-07-01,MSFT,48065800,0.0090591926284055,1,0.0366041866852386,11,0.3302,0.378,0.1198,0.2226
2026-07-01,TSLA,40127900,0.0091111764242037,-1,0.0350448187565299,4,0.7499,0.7501,0.1442,0.3543
2026-07-01,META,45536300,0.0082249020757737,-1,0.0545805385282746,8,-0.2236,0.23,0.0708,0.2943
2026-07-01,JPM,15210200,0.0173585050150426,1,0.0323720347196121,23,0.2516,0.5225,0.0756,0.1698
2026-07-01,AMZN,53829900,0.0081334596381321,1,0.0417101147028154,5,0.3729,0.4391,0.1765,0.3556
2026-07-02,GOOGL,25974800,0.0011961518377654,1,0.0300155160164221,5,-0.1986,0.6017,0.0187,0.2073
2026-07-02,META,21705900,-0.0411251834116914,1,0.0486593451256316,5,-0.0217,0.2315,-0.2236,0.0708
2026-07-02,UNH,3928800,-0.0064700429768014,-1,0.0225632484337405,14,0.4997,0.5005,0.0547,0.4852
2026-07-02,MSFT,42128900,0.0156314478680677,-1,0.0221077813075237,8,0.2445,0.5516,0.3302,0.1198
2026-07-02,AAPL,75352800,0.0493336393530256,1,0.0535156433199373,6,0.4403,0.5833,0.2824,0.067
2026-07-02,AMZN,48246400,0.0043872255118413,1,0.0233434020752483,8,0.1119,0.7302,0.3729,0.1765
2026-07-02,BRK-B,4386500,0.0111110841032104,-1,0.0151334247685812,2,0.0,0.0002,0.0024,-0.1041
2026-07-02,JPM,8413900,-0.0105023013678198,1,0.0243477050287556,39,0.2476,0.5375,0.2516,0.0756
2026-07-02,TSLA,73717700,-0.0807457694214173,1,0.1005818025941044,14,-0.1619,0.7001,0.7499,0.1442
2026-07-06,BRK-B,4126100,0.0001579201821631,-1,0.0076998892329405,2,0.0011,0.0012,0.0,0.0024
2026-07-06,TSLA,54727900,0.056025129594143,-1,0.0742138364779874,21,0.4397,0.5413,-0.1619,0.7499
2026-07-06,META,17674100,0.009162045131168,1,0.036682143667377,1,0.9966,0.9967,-0.0217,-0.2236
2026-07-06,UNH,6379000,-0.0129873199528425,1,0.0221729317456611,14,0.5401,0.848,0.4997,0.0547
2026-07-06,AAPL,53590000,0.0172436835083936,-1,0.0234253401554395,5,0.187,0.2248,0.4403,0.2824
2026-07-06,GOOGL,26915800,0.0135804282336774,1,0.0291798870119446,3,0.4054,0.4505,-0.1986,0.0187
2026-07-06,AMZN,40044000,0.0014766226654851,1,0.0211648414221917,2,0.4997,0.5003,0.1119,0.3729
2026-07-06,JPM,8673500,0.0081194066289645,1,0.0167463160272854,25,0.6506,0.7688,0.2476,0.2516
2026-07-06,MSFT,34224500,-0.0007751609754113,1,0.0204888189869416,5,-0.4238,0.4615,0.2445,0.3302
2026-07-07,TSLA,38149900,-0.0337202557720901,-1,0.0424021321903879,66,0.2549,0.5857,0.4397,-0.1619
2026-07-07,AMZN,40579600,-0.0040489109130245,-1,0.0252246976893294,9,0.3561,0.8007,0.4997,0.1119
2026-07-07,BRK-B,3761400,-0.0097648215195064,-1,0.0173487967241016,6,0.0113,0.6771,0.0011,0.0
2026-07-07,UNH,5800500,0.0100011560615416,-1,0.0152612360759729,7,0.5332,0.5355,0.5401,0.4997
2026-07-07,MSFT,29297500,-0.0092995846704391,-1,0.0187266077769946,4,0.4999,0.5001,-0.4238,0.2445
2026-07-07,META,18560800,0.0131502985256794,-1,0.035731366568037,7,0.0138,0.3026,0.9966,-0.0217
2026-07-07,JPM,7115800,-0.0051616215288806,-1,0.0126400299716295,51,0.3718,0.4976,0.6506,0.2476
2026-07-07,AAPL,42490000,-0.0146849083616071,1,0.0169051252668676,3,0.3363,0.3365,0.187,0.4403
2026-07-07,GOOGL,24045600,-0.005527429767897,-1,0.0207548798604494,2,0.0519,0.0561,0.4054,-0.1986
2026-07-08,JPM,18505200,-0.0175615953512223,1,0.0190176029468374,32,0.135,0.3934,0.3718,0.6506
2026-07-08,BRK-B,4429600,-0.0193633840592709,1,0.0209489602333987,9,-0.0508,0.2587,0.0113,0.0011
2026-07-08,UNH,3859200,-0.0036286733351666,1,0.0162472258938814,12,0.3922,0.5675,0.5332,0.5401
2026-07-08,AMZN,29653000,-0.0026610273218336,1,0.0175215896525836,79,0.061,0.6172,0.3561,0.4997
2026-07-08,TSLA,33844900,-0.0133206651789685,1,0.0228353823568696,66,0.0989,0.5832,0.2549,0.4397
2026-07-08,AAPL,41323500,0.0047449936486533,1,0.0249110943542139,92,0.1554,0.564,0.3363,0.187
2026-07-08,GOOGL,22094800,-0.0077859311927188,-1,0.0269218309609338,71,0.1808,0.653,0.0519,0.4054
2026-07-08,MSFT,25908300,-0.0017967409931503,1,0.0103638023044534,63,0.1586,0.6277,0.4999,-0.4238
2026-07-08,META,13606500,-0.0183434288685483,1,0.0292810589453819,10,0.2919,0.5066,0.0138,0.9966
2026-07-09,MSFT,31083200,0.0264654101254296,1,0.0301775602205647,85,0.2277,0.5472,0.1586,0.4999
2026-07-09,BRK-B,3393300,0.0016983621041772,-1,0.0094013344538104,3,0.2737,0.2758,-0.0508,0.0113
2026-07-09,GOOGL,24729100,0.0129265815850605,-1,0.0241878789288227,77,0.2732,0.6022,0.1808,0.0519
2026-07-09,META,26579700,0.0813198702520836,1,0.0962345470758433,108,0.2073,0.6028,0.2919,0.0138
2026-07-09,UNH,5566000,0.0106998372338616,-1,0.0252393976938368,7,0.7294,0.7537,0.3922,0.5332
2026-07-09,TSLA,37835000,0.0318789762935909,1,0.0431483043259223,56,0.3511,0.6623,0.0989,0.2549
2026-07-09,JPM,15570600,0.0120980204821144,1,0.0186749610842406,25,0.2088,0.5201,0.135,0.3718
2026-07-09,AMZN,38091700,0.0301058533125352,-1,0.0385705934346615,81,0.3086,0.5404,0.061,0.3561
2026-07-09,AAPL,48124500,0.0183890737029317,-1,0.0269556370292385,71,0.2226,0.5865,0.1554,0.3363
2026-07-10,AMZN,31654000,-0.0168703933575749,1,0.0265277300590315,71,0.2235,0.6802,0.3086,0.061
2026-07-10,META,40608900,0.0134324662392893,-1,0.0300602337866187,157,0.2118,0.6626,0.2073,0.2919
2026-07-10,TSLA,33410000,-0.0066505408991612,-1,0.0252137843790201,40,0.1093,0.5968,0.3511,0.0989
2026-07-10,JPM,6299000,-0.002963226350143,-1,0.0083563200107214,34,0.3431,0.6274,0.2088,0.135
2026-07-10,MSFT,24644600,-0.006962304730382,1,0.0268437441717168,82,0.2022,0.5525,0.2277,0.1586
2026-07-10,GOOGL,18146100,-0.0009789559049887,-1,0.0141806487330548,93,0.2668,0.62,0.2732,0.1808
2026-07-10,BRK-B,2736900,-0.0049178725615692,1,0.0133023796576212,4,-0.2379,0.2512,0.2737,-0.0508
2026-07-10,AAPL,34132300,0.0019064759188751,1,0.0150609755210663,62,0.0609,0.5855,0.2226,0.1554
2026-07-10,UNH,3798600,-0.0163319621267302,1,0.0213357221224261,18,0.3536,0.5244,0.7294,0.3922
